0.0	3.1087752570679617	3.1471438874936606	3.177437860880238	2.962425644548611	3.1481885682352866	3.022594699889433	2.9071240400784553	3.892842937851199	3.910449370845667	3.5555716502180212	3.714841106574512	3.4612671839329647	3.9004417872027335	3.622975191248115	3.4894403482332295	3.015434329986395	3.2473427101693835	3.9114671011099578	3.768176869826364	4.3270256423701206	4.276410133330726	4.299090511387719	4.22364703649272	3.45350874470363e+17	3.409256797018981e+17	3.2645292076815674e+17	1.4331066464864898e+17	1.3470692151727314e+17	4.23528186203479e+17	3.7853216939471066e+17	2.6075370468713674e+17	1.1019173835625448e+17	1.498359822371741e+17	5.22795241248653	3.683580546187223	4.1037830523595815	3.942267710000875	3.985580504393317	3.7301403427922932	1.378968354785824e+17	3.917549615777802	8.617842101483715e+16	3.90732219201007e+17	3.761118634915398e+17	3.496003867386339e+17	4.3097475345224486e+17	3.768514462761008e+17	4.380515441227913e+17	4.5954092714139014e+17	5.0574815544930656e+17	4.3583492124568877e+17	3.894517078571497e+17	4.6540014405243757e+17	3.534164623973279e+17	
3.1087752570679617	0.0	2.3790208864367464	2.2683416431828793	2.3864641992591933	2.2015495045398232	2.2736916909299247	2.267970728750731	3.020361711347518	3.049092930918895	2.704064361429117	2.824127061410211	2.6853252352191785	3.128726302020897	2.6861028188077745	2.584161955154855	2.2872795514141107	2.3071498587211403	3.538598706277369	3.5226568925585844	4.384167167981849	3.943569954927243	3.892979376015392	3.8260425780290452	3.45350874470363e+17	3.409256797018981e+17	3.2645292076815674e+17	1.4331066464864894e+17	1.3470692151727314e+17	4.23528186203479e+17	3.7853216939471066e+17	2.6075370468713674e+17	1.1019173835625448e+17	1.498359822371741e+17	4.652025159064604	3.278606068410172	3.5557848542404806	3.2879426854545244	3.6045527681811786	3.0454529478983896	1.378968354785824e+17	3.3699178710202022	8.617842101483715e+16	3.90732219201007e+17	3.761118634915398e+17	3.496003867386339e+17	4.3097475345224486e+17	3.768514462761008e+17	4.380515441227913e+17	4.5954092714139014e+17	5.0574815544930656e+17	4.3583492124568877e+17	3.894517078571497e+17	4.6540014405243757e+17	3.534164623973279e+17	
3.1471438874936606	2.3790208864367464	0.0	2.566482508162597	2.4678856703521426	2.546272568641168	2.109290994895651	2.3267651134070535	3.166960198455855	3.1859246655736255	2.8867687269477034	3.0746488798688585	2.8612981256807615	3.2815317654987646	2.8794161183861506	2.695676706752724	2.3308397119134	2.5498107457663735	3.5042693262601823	3.419500675964223	4.27341786790203	3.8812605611460853	3.8438634126292572	3.772072870448281	3.45350874470363e+17	3.409256797018981e+17	3.2645292076815674e+17	1.4331066464864894e+17	1.3470692151727314e+17	4.23528186203479e+17	3.7853216939471066e+17	2.6075370468713674e+17	1.1019173835625448e+17	1.498359822371741e+17	4.743721930716934	3.2930051357014722	3.5985405868435247	3.432346643137569	3.48702091862432	3.162243804780591	1.378968354785824e+17	3.2858049722125653	8.617842101483715e+16	3.90732219201007e+17	3.761118634915398e+17	3.496003867386339e+17	4.3097475345224486e+17	3.768514462761008e+17	4.380515441227913e+17	4.5954092714139014e+17	5.0574815544930656e+17	4.3583492124568877e+17	3.894517078571497e+17	4.6540014405243757e+17	3.534164623973279e+17	
3.177437860880238	2.2683416431828793	2.566482508162597	0.0	2.5439315331911576	2.459802315771596	2.50169349779959	2.416878302606039	2.9647466120616106	2.9935524113508465	2.703755734925953	2.8252930807254955	2.6476284772715326	2.9631899395577825	2.6631197640015003	2.6099312343748386	2.3183850740413643	2.4910804262180597	3.751614374826247	3.677256138766261	4.470070205092784	3.6955965058254368	3.661652381065319	3.6067144864389067	3.45350874470363e+17	3.409256797018981e+17	3.2645292076815674e+17	1.4331066464864898e+17	1.3470692151727314e+17	4.23528186203479e+17	3.7853216939471066e+17	2.6075370468713674e+17	1.1019173835625448e+17	1.498359822371741e+17	5.141272061023792	3.4483680055825707	3.776880990713574	3.4903454147966877	3.9327970575396947	3.1834123045541083	1.378968354785824e+17	3.6637914151621422	8.617842101483715e+16	3.90732219201007e+17	3.761118634915398e+17	3.496003867386339e+17	4.3097475345224486e+17	3.768514462761008e+17	4.380515441227913e+17	4.5954092714139014e+17	5.0574815544930656e+17	4.3583492124568877e+17	3.894517078571497e+17	4.6540014405243757e+17	3.534164623973279e+17	
2.962425644548611	2.3864641992591933	2.4678856703521426	2.5439315331911576	0.0	2.3057134853084618	2.491311853952253	2.2981148514504945	3.16815993761326	3.175113813886656	2.7857437099159807	2.9762624816041585	2.8035354089392746	3.210398928816241	2.84376236500493	2.6541664137947834	2.396385477607307	2.465361990263001	3.850996627562193	3.6876294395801765	4.616066777419918	3.9028986605228257	3.8815006636904594	3.8363081031541415	3.45350874470363e+17	3.409256797018981e+17	3.2645292076815674e+17	1.4331066464864898e+17	1.3470692151727314e+17	4.23528186203479e+17	3.7853216939471066e+17	2.6075370468713674e+17	1.1019173835625448e+17	1.498359822371741e+17	5.207316294537184	3.538188223918047	3.9766066438853085	3.481095904798057	3.8754672326839223	3.2642795272345384	1.378968354785824e+17	3.724423883887848	8.617842101483715e+16	3.90732219201007e+17	3.761118634915398e+17	3.496003867386339e+17	4.3097475345224486e+17	3.768514462761008e+17	4.380515441227913e+17	4.5954092714139014e+17	5.0574815544930656e+17	4.3583492124568877e+17	3.894517078571497e+17	4.6540014405243757e+17	3.534164623973279e+17	
3.1481885682352866	2.2015495045398232	2.546272568641168	2.459802315771596	2.3057134853084618	0.0	2.5188774171925483	2.3099781556570282	3.1389787118878227	3.1462354867045828	2.7738815497475646	2.9330358048353173	2.7472193660726165	3.210976626729344	2.831867753411706	2.6590359430195347	2.3723856870345315	2.4487366605490393	3.802939628620062	3.6018285375284553	4.621172484882016	3.97005071040864	3.9228884520083556	3.889337466528337	3.45350874470363e+17	3.409256797018981e+17	3.2645292076815674e+17	1.4331066464864894e+17	1.3470692151727314e+17	4.23528186203479e+17	3.7853216939471066e+17	2.6075370468713674e+17	1.1019173835625448e+17	1.498359822371741e+17	5.072785436487274	3.4429671686399668	3.8871091386209353	3.4806076501650742	3.797073193114857	3.165908650440983	1.378968354785824e+17	3.6362362768990817	8.617842101483715e+16	3.90732219201007e+17	3.761118634915398e+17	3.496003867386339e+17	4.3097475345224486e+17	3.768514462761008e+17	4.380515441227913e+17	4.5954092714139014e+17	5.0574815544930656e+17	4.3583492124568877e+17	3.894517078571497e+17	4.6540014405243757e+17	3.534164623973279e+17	
3.022594699889433	2.2736916909299247	2.109290994895651	2.50169349779959	2.491311853952253	2.5188774171925483	0.0	2.296390223357704	3.231460244901889	3.247564643636573	2.876238726475238	3.031286710365594	2.8781049677186563	3.309715874791077	2.9101812964087963	2.701477407972262	2.2778746205971068	2.4881054318582505	3.4417551076455246	3.5196323378130683	4.113009404989297	3.6343276230917887	3.6369499006573918	3.5439429136470135	3.45350874470363e+17	3.409256797018981e+17	3.2645292076815674e+17	1.4331066464864894e+17	1.3470692151727314e+17	4.23528186203479e+17	3.7853216939471066e+17	2.6075370468713674e+17	1.1019173835625448e+17	1.498359822371741e+17	4.683820962962637	3.2945081900706863	3.516423272135192	3.4181520508034335	3.551048406949354	3.2072513089153323	1.378968354785824e+17	3.424508694075654	8.617842101483715e+16	3.90732219201007e+17	3.761118634915398e+17	3.496003867386339e+17	4.3097475345224486e+17	3.768514462761008e+17	4.380515441227913e+17	4.5954092714139014e+17	5.0574815544930656e+17	4.3583492124568877e+17	3.894517078571497e+17	4.6540014405243757e+17	3.534164623973279e+17	
2.9071240400784553	2.267970728750731	2.3267651134070535	2.416878302606039	2.2981148514504945	2.3099781556570282	2.296390223357704	0.0	3.158118836450666	3.1787439001760704	2.8345993165795766	3.0354262283225353	2.811791552915539	3.1719556938467637	2.839688942990719	2.6452874922469314	2.249095322729869	2.4874812032181346	3.4924262351713464	3.3182254756668095	4.169959465467761	3.6592333513981683	3.627853308924588	3.5617709425697757	3.45350874470363e+17	3.409256797018981e+17	3.2645292076815674e+17	1.4331066464864894e+17	1.3470692151727314e+17	4.23528186203479e+17	3.7853216939471066e+17	2.6075370468713674e+17	1.1019173835625448e+17	1.498359822371741e+17	4.940491089437631	3.2566710548949938	3.755124488726367	3.4981763882440697	3.5954084821527132	3.254794858336694	1.378968354785824e+17	3.485729304993285	8.617842101483715e+16	3.90732219201007e+17	3.761118634915398e+17	3.496003867386339e+17	4.3097475345224486e+17	3.768514462761008e+17	4.380515441227913e+17	4.5954092714139014e+17	5.0574815544930656e+17	4.3583492124568877e+17	3.894517078571497e+17	4.6540014405243757e+17	3.534164623973279e+17	
3.892842937851199	3.020361711347518	3.166960198455855	2.9647466120616106	3.16815993761326	3.1389787118878227	3.231460244901889	3.158118836450666	0.0	2.940092745200751	2.510047536281055	2.7158361094003016	2.4887063280991124	2.9329952988727417	2.39161564018847	2.5570241897307966	3.1449775087435645	2.8470094739398615	4.178988614701959	4.059294826438561	5.197469609952861	4.764314016219034	4.772264431397497	4.7105217592783	3.45350874470363e+17	3.409256797018981e+17	3.2645292076815674e+17	1.4331066464864894e+17	1.3470692151727314e+17	4.23528186203479e+17	3.7853216939471066e+17	2.6075370468713674e+17	1.1019173835625448e+17	1.498359822371741e+17	5.447559868751455	3.972543989561541	4.40269204668733	3.507493826673441	4.376592624334724	3.431701888738553	1.378968354785824e+17	4.0927593138822775	8.617842101483715e+16	3.90732219201007e+17	3.761118634915398e+17	3.496003867386339e+17	4.3097475345224486e+17	3.768514462761008e+17	4.380515441227913e+17	4.5954092714139014e+17	5.0574815544930656e+17	4.3583492124568877e+17	3.894517078571497e+17	4.6540014405243757e+17	3.534164623973279e+17	
3.910449370845667	3.049092930918895	3.1859246655736255	2.9935524113508465	3.175113813886656	3.1462354867045828	3.247564643636573	3.1787439001760704	2.940092745200751	0.0	2.890736930287601	2.7500372190266944	2.9318393546349255	2.427942584964851	2.781547053757371	2.7264861790496098	3.087442953514961	2.9944034355008573	4.27161875508982	4.234488167863232	5.099801846144201	4.596853876909178	4.560060982566333	4.531854781410542	3.45350874470363e+17	3.409256797018981e+17	3.2645292076815674e+17	1.4331066464864894e+17	1.3470692151727314e+17	4.23528186203479e+17	3.7853216939471066e+17	2.6075370468713674e+17	1.1019173835625448e+17	1.498359822371741e+17	5.554759949934217	4.033849351556279	4.365362934469495	3.8019430749186576	4.43964116301599	3.6131750179097915	1.378968354785824e+17	4.176246939157548	8.617842101483715e+16	3.90732219201007e+17	3.761118634915398e+17	3.496003867386339e+17	4.3097475345224486e+17	3.768514462761008e+17	4.380515441227913e+17	4.5954092714139014e+17	5.0574815544930656e+17	4.3583492124568877e+17	3.894517078571497e+17	4.6540014405243757e+17	3.534164623973279e+17	
3.5555716502180212	2.704064361429117	2.8867687269477034	2.703755734925953	2.7857437099159807	2.7738815497475646	2.876238726475238	2.8345993165795766	2.510047536281055	2.890736930287601	0.0	2.614444148384148	2.1465852157668266	2.914299711005078	2.0508444205296668	2.275536520491144	2.735078411805002	2.6116130874980166	4.13243806558313	4.001430143920594	4.9281841857961535	4.308432418623264	4.308153060530878	4.252506660766936	3.45350874470363e+17	3.409256797018981e+17	3.2645292076815674e+17	1.4331066464864894e+17	1.3470692151727314e+17	4.23528186203479e+17	3.7853216939471066e+17	2.6075370468713674e+17	1.1019173835625448e+17	1.498359822371741e+17	5.375608930209789	3.8172813948184645	4.118493348016417	3.3436560014759102	4.21128710921425	3.2854666713382605	1.378968354785824e+17	4.021273474245595	8.617842101483715e+16	3.90732219201007e+17	3.761118634915398e+17	3.496003867386339e+17	4.3097475345224486e+17	3.768514462761008e+17	4.380515441227913e+17	4.5954092714139014e+17	5.0574815544930656e+17	4.3583492124568877e+17	3.894517078571497e+17	4.6540014405243757e+17	3.534164623973279e+17	
3.714841106574512	2.824127061410211	3.0746488798688585	2.8252930807254955	2.9762624816041585	2.9330358048353173	3.031286710365594	3.0354262283225353	2.7158361094003016	2.7500372190266944	2.614444148384148	0.0	2.626579403600906	2.7475664081072684	2.6126647364896582	2.404854433712621	3.0069802372931114	2.771068206997996	4.185112890481256	4.075296335221635	5.035646993115696	4.545169533966269	4.534246475839884	4.453821875837105	3.45350874470363e+17	3.409256797018981e+17	3.2645292076815674e+17	1.4331066464864894e+17	1.3470692151727314e+17	4.23528186203479e+17	3.7853216939471066e+17	2.6075370468713674e+17	1.1019173835625448e+17	1.498359822371741e+17	5.3632265819978695	3.8970842435672157	4.21175626101203	3.4526633507997366	4.263997042041461	3.421386327011775	1.378968354785824e+17	4.072089980235797	8.617842101483715e+16	3.90732219201007e+17	3.761118634915398e+17	3.496003867386339e+17	4.3097475345224486e+17	3.768514462761008e+17	4.380515441227913e+17	4.5954092714139014e+17	5.0574815544930656e+17	4.3583492124568877e+17	3.894517078571497e+17	4.6540014405243757e+17	3.534164623973279e+17	
3.4612671839329647	2.6853252352191785	2.8612981256807615	2.6476284772715326	2.8035354089392746	2.7472193660726165	2.8781049677186563	2.811791552915539	2.4887063280991124	2.9318393546349255	2.1465852157668266	2.626579403600906	0.0	2.9631064150110635	2.2001456941375355	2.366108287862691	2.8084142211022396	2.6380597173085274	4.1123820831930935	3.864601482192266	4.9293751178270275	4.380736007615267	4.40579997588618	4.319053699474846	3.45350874470363e+17	3.409256797018981e+17	3.2645292076815674e+17	1.4331066464864894e+17	1.3470692151727314e+17	4.23528186203479e+17	3.7853216939471066e+17	2.6075370468713674e+17	1.1019173835625448e+17	1.498359822371741e+17	5.347801355096576	3.7998045479089124	4.111687956648375	3.347161447700134	4.12522070421525	3.256402385925859	1.378968354785824e+17	3.884147156563696	8.617842101483715e+16	3.90732219201007e+17	3.761118634915398e+17	3.496003867386339e+17	4.3097475345224486e+17	3.768514462761008e+17	4.380515441227913e+17	4.5954092714139014e+17	5.0574815544930656e+17	4.3583492124568877e+17	3.894517078571497e+17	4.6540014405243757e+17	3.534164623973279e+17	
3.9004417872027335	3.128726302020897	3.2815317654987646	2.9631899395577825	3.210398928816241	3.210976626729344	3.309715874791077	3.1719556938467637	2.9329952988727417	2.427942584964851	2.914299711005078	2.7475664081072684	2.9631064150110635	0.0	2.8104184695878516	2.7330780898690814	3.0709058665957407	3.0449381431105667	4.348485950741655	4.206444457355312	4.9844604609077665	4.418668217784534	4.38394255459088	4.328436263757996	3.45350874470363e+17	3.409256797018981e+17	3.2645292076815674e+17	1.4331066464864894e+17	1.3470692151727314e+17	4.23528186203479e+17	3.7853216939471066e+17	2.6075370468713674e+17	1.1019173835625448e+17	1.498359822371741e+17	5.741954103369244	4.082837310161007	4.508247584951217	3.8224626367116636	4.565943222843433	3.7529337106277287	1.378968354785824e+17	4.331436451228605	8.617842101483715e+16	3.90732219201007e+17	3.761118634915398e+17	3.496003867386339e+17	4.3097475345224486e+17	3.768514462761008e+17	4.380515441227913e+17	4.5954092714139014e+17	5.0574815544930656e+17	4.3583492124568877e+17	3.894517078571497e+17	4.6540014405243757e+17	3.534164623973279e+17	
3.622975191248115	2.6861028188077745	2.8794161183861506	2.6631197640015003	2.84376236500493	2.831867753411706	2.9101812964087963	2.839688942990719	2.39161564018847	2.781547053757371	2.0508444205296668	2.6126647364896582	2.2001456941375355	2.8104184695878516	0.0	2.214712413533626	2.739590097713202	2.5800177133563795	3.9126606676638658	3.918783202290399	4.879361222925118	4.345234375523233	4.320792032069825	4.295020563279728	3.45350874470363e+17	3.409256797018981e+17	3.2645292076815674e+17	1.4331066464864894e+17	1.3470692151727314e+17	4.23528186203479e+17	3.7853216939471066e+17	2.6075370468713674e+17	1.1019173835625448e+17	1.498359822371741e+17	5.246499033535968	3.7058004169760723	4.077153107957892	3.4216804016161166	4.148184035139228	3.211690583711415	1.378968354785824e+17	3.8888257210232298	8.617842101483715e+16	3.90732219201007e+17	3.761118634915398e+17	3.496003867386339e+17	4.3097475345224486e+17	3.768514462761008e+17	4.380515441227913e+17	4.5954092714139014e+17	5.0574815544930656e+17	4.3583492124568877e+17	3.894517078571497e+17	4.6540014405243757e+17	3.534164623973279e+17	
3.4894403482332295	2.584161955154855	2.695676706752724	2.6099312343748386	2.6541664137947834	2.6590359430195347	2.701477407972262	2.6452874922469314	2.5570241897307966	2.7264861790496098	2.275536520491144	2.404854433712621	2.366108287862691	2.7330780898690814	2.214712413533626	0.0	2.6143131315590447	2.3779392186559027	3.8708772788214847	3.801446645481202	4.742145362550795	4.173784272380525	4.1664622521621855	4.11073685271748	3.45350874470363e+17	3.409256797018981e+17	3.2645292076815674e+17	1.4331066464864898e+17	1.3470692151727314e+17	4.23528186203479e+17	3.7853216939471066e+17	2.6075370468713674e+17	1.1019173835625448e+17	1.498359822371741e+17	5.217466892292681	3.6297446134335165	4.046953513061445	3.3098732098751205	4.042041566932868	3.2033849958338267	1.378968354785824e+17	3.82398752472493	8.617842101483715e+16	3.90732219201007e+17	3.761118634915398e+17	3.496003867386339e+17	4.3097475345224486e+17	3.768514462761008e+17	4.380515441227913e+17	4.5954092714139014e+17	5.0574815544930656e+17	4.3583492124568877e+17	3.894517078571497e+17	4.6540014405243757e+17	3.534164623973279e+17	
3.015434329986395	2.2872795514141107	2.3308397119134	2.3183850740413643	2.396385477607307	2.3723856870345315	2.2778746205971068	2.249095322729869	3.1449775087435645	3.087442953514961	2.735078411805002	3.0069802372931114	2.8084142211022396	3.0709058665957407	2.739590097713202	2.6143131315590447	0.0	2.537842310879857	3.5841296065114863	3.5577081134925588	4.167611285040654	3.4657855667059185	3.4354323380509495	3.4061057583992507	3.45350874470363e+17	3.409256797018981e+17	3.2645292076815674e+17	1.4331066464864894e+17	1.3470692151727314e+17	4.23528186203479e+17	3.7853216939471066e+17	2.6075370468713674e+17	1.1019173835625448e+17	1.498359822371741e+17	4.995361767511505	3.298799488772676	3.6263213347680985	3.5682374069131533	3.7329680047779488	3.2141914820666164	1.378968354785824e+17	3.542084393580632	8.617842101483715e+16	3.90732219201007e+17	3.761118634915398e+17	3.496003867386339e+17	4.3097475345224486e+17	3.768514462761008e+17	4.380515441227913e+17	4.5954092714139014e+17	5.0574815544930656e+17	4.3583492124568877e+17	3.894517078571497e+17	4.6540014405243757e+17	3.534164623973279e+17	
3.2473427101693835	2.3071498587211403	2.5498107457663735	2.4910804262180597	2.465361990263001	2.4487366605490393	2.4881054318582505	2.4874812032181346	2.8470094739398615	2.9944034355008573	2.6116130874980166	2.771068206997996	2.6380597173085274	3.0449381431105667	2.5800177133563795	2.3779392186559027	2.537842310879857	0.0	3.6540506088477667	3.640325948852847	4.643673885604973	4.3313305876208625	4.3253351965839615	4.252865769975644	3.45350874470363e+17	3.409256797018981e+17	3.2645292076815674e+17	1.4331066464864898e+17	1.3470692151727314e+17	4.23528186203479e+17	3.7853216939471066e+17	2.6075370468713674e+17	1.1019173835625448e+17	1.498359822371741e+17	4.901270007518913	3.36375104750917	3.754489366350619	3.122137271925553	3.8164348179191823	3.0198368918386413	1.378968354785824e+17	3.6279377125657484	8.617842101483715e+16	3.90732219201007e+17	3.761118634915398e+17	3.496003867386339e+17	4.3097475345224486e+17	3.768514462761008e+17	4.380515441227913e+17	4.5954092714139014e+17	5.0574815544930656e+17	4.3583492124568877e+17	3.894517078571497e+17	4.6540014405243757e+17	3.534164623973279e+17	
3.9114671011099578	3.538598706277369	3.5042693262601823	3.751614374826247	3.850996627562193	3.802939628620062	3.4417551076455246	3.4924262351713464	4.178988614701959	4.27161875508982	4.13243806558313	4.185112890481256	4.1123820831930935	4.348485950741655	3.9126606676638658	3.8708772788214847	3.5841296065114863	3.6540506088477667	0.0	3.349872007588273	4.148782224997379	4.877278786961943	4.82615294385819	4.748430409250139	3.45350874470363e+17	3.409256797018981e+17	3.2645292076815674e+17	1.4331066464864894e+17	1.3470692151727314e+17	4.23528186203479e+17	3.7853216939471066e+17	2.6075370468713674e+17	1.1019173835625448e+17	1.498359822371741e+17	3.771045718391808	3.2994944693540047	3.502299441323732	4.1769898221993245	3.3999198484521798	3.6803628200350933	1.378968354785824e+17	3.380464667801798	8.617842101483715e+16	3.90732219201007e+17	3.761118634915398e+17	3.496003867386339e+17	4.3097475345224486e+17	3.768514462761008e+17	4.380515441227913e+17	4.5954092714139014e+17	5.0574815544930656e+17	4.3583492124568877e+17	3.894517078571497e+17	4.6540014405243757e+17	3.534164623973279e+17	
3.768176869826364	3.5226568925585844	3.419500675964223	3.677256138766261	3.6876294395801765	3.6018285375284553	3.5196323378130683	3.3182254756668095	4.059294826438561	4.234488167863232	4.001430143920594	4.075296335221635	3.864601482192266	4.206444457355312	3.918783202290399	3.801446645481202	3.5577081134925588	3.640325948852847	3.349872007588273	0.0	4.375881177543308	5.014308898742385	4.980955427412154	4.8611904958719245	3.45350874470363e+17	3.409256797018981e+17	3.2645292076815674e+17	1.4331066464864894e+17	1.3470692151727314e+17	4.23528186203479e+17	3.7853216939471066e+17	2.6075370468713674e+17	1.1019173835625448e+17	1.498359822371741e+17	4.451837461894469	3.3337380485752792	3.817824411155881	3.92182120536194	3.418480021330811	3.6370341624804214	1.378968354785824e+17	2.972420527282015	8.617842101483715e+16	3.90732219201007e+17	3.761118634915398e+17	3.496003867386339e+17	4.3097475345224486e+17	3.768514462761008e+17	4.380515441227913e+17	4.5954092714139014e+17	5.0574815544930656e+17	4.3583492124568877e+17	3.894517078571497e+17	4.6540014405243757e+17	3.534164623973279e+17	
4.3270256423701206	4.384167167981849	4.27341786790203	4.470070205092784	4.616066777419918	4.621172484882016	4.113009404989297	4.169959465467761	5.197469609952861	5.099801846144201	4.9281841857961535	5.035646993115696	4.9293751178270275	4.9844604609077665	4.879361222925118	4.742145362550795	4.167611285040654	4.643673885604973	4.148782224997379	4.375881177543308	0.0	4.079839452150578	4.040104451827127	3.92270507074285	3.45350874470363e+17	3.409256797018981e+17	3.2645292076815674e+17	1.4331066464864894e+17	1.3470692151727314e+17	4.23528186203479e+17	3.7853216939471066e+17	2.6075370468713674e+17	1.1019173835625448e+17	1.498359822371741e+17	5.3308162360081885	4.397233283167139	4.435767217238774	5.221817848956043	4.496385508969491	4.907075407232736	1.378968354785824e+17	4.625116143992572	8.617842101483715e+16	3.90732219201007e+17	3.761118634915398e+17	3.496003867386339e+17	4.3097475345224486e+17	3.768514462761008e+17	4.380515441227913e+17	4.5954092714139014e+17	5.0574815544930656e+17	4.3583492124568877e+17	3.894517078571497e+17	4.6540014405243757e+17	3.534164623973279e+17	
4.276410133330726	3.943569954927243	3.8812605611460853	3.6955965058254368	3.9028986605228257	3.97005071040864	3.6343276230917887	3.6592333513981683	4.764314016219034	4.596853876909178	4.308432418623264	4.545169533966269	4.380736007615267	4.418668217784534	4.345234375523233	4.173784272380525	3.4657855667059185	4.3313305876208625	4.877278786961943	5.014308898742385	4.079839452150578	0.0	0.556849796166976	0.5787682257479767	3.45350874470363e+17	3.409256797018981e+17	3.2645292076815674e+17	1.4331066464864898e+17	1.3470692151727314e+17	4.23528186203479e+17	3.7853216939471066e+17	2.6075370468713674e+17	1.1019173835625448e+17	1.498359822371741e+17	6.617320046783606	4.826320630073792	5.095185276937936	5.3731337294024115	5.291415335365233	5.000357430816253	1.378968354785824e+17	5.154890425282213	8.617842101483715e+16	3.90732219201007e+17	3.761118634915398e+17	3.496003867386339e+17	4.3097475345224486e+17	3.768514462761008e+17	4.380515441227913e+17	4.5954092714139014e+17	5.0574815544930656e+17	4.3583492124568877e+17	3.894517078571497e+17	4.6540014405243757e+17	3.534164623973279e+17	
4.299090511387719	3.892979376015392	3.8438634126292572	3.661652381065319	3.8815006636904594	3.9228884520083556	3.6369499006573918	3.627853308924588	4.772264431397497	4.560060982566333	4.308153060530878	4.534246475839884	4.40579997588618	4.38394255459088	4.320792032069825	4.1664622521621855	3.4354323380509495	4.3253351965839615	4.82615294385819	4.980955427412154	4.040104451827127	0.556849796166976	0.0	0.5611213008678536	3.45350874470363e+17	3.409256797018981e+17	3.2645292076815674e+17	1.4331066464864898e+17	1.3470692151727314e+17	4.23528186203479e+17	3.7853216939471066e+17	2.6075370468713674e+17	1.1019173835625448e+17	1.498359822371741e+17	6.539565698810751	4.7469134204150665	5.04347530978922	5.390594451914765	5.229137024414164	4.9515752963397475	1.378968354785824e+17	5.098047541056191	8.617842101483715e+16	3.90732219201007e+17	3.761118634915398e+17	3.496003867386339e+17	4.3097475345224486e+17	3.768514462761008e+17	4.380515441227913e+17	4.5954092714139014e+17	5.0574815544930656e+17	4.3583492124568877e+17	3.894517078571497e+17	4.6540014405243757e+17	3.534164623973279e+17	
4.22364703649272	3.8260425780290452	3.772072870448281	3.6067144864389067	3.8363081031541415	3.889337466528337	3.5439429136470135	3.5617709425697757	4.7105217592783	4.531854781410542	4.252506660766936	4.453821875837105	4.319053699474846	4.328436263757996	4.295020563279728	4.11073685271748	3.4061057583992507	4.252865769975644	4.748430409250139	4.8611904958719245	3.92270507074285	0.5787682257479767	0.5611213008678536	0.0	3.45350874470363e+17	3.409256797018981e+17	3.2645292076815674e+17	1.4331066464864894e+17	1.3470692151727314e+17	4.23528186203479e+17	3.7853216939471066e+17	2.6075370468713674e+17	1.1019173835625448e+17	1.498359822371741e+17	6.458050967487588	4.705241073290023	4.958159971587434	5.267633868785948	5.13566290222693	4.917061928307665	1.378968354785824e+17	5.01432756843844	8.617842101483715e+16	3.90732219201007e+17	3.761118634915398e+17	3.496003867386339e+17	4.3097475345224486e+17	3.768514462761008e+17	4.380515441227913e+17	4.5954092714139014e+17	5.0574815544930656e+17	4.3583492124568877e+17	3.894517078571497e+17	4.6540014405243757e+17	3.534164623973279e+17	
3.45350874470363e+17	3.45350874470363e+17	3.45350874470363e+17	3.45350874470363e+17	3.45350874470363e+17	3.45350874470363e+17	3.45350874470363e+17	3.45350874470363e+17	3.45350874470363e+17	3.45350874470363e+17	3.45350874470363e+17	3.45350874470363e+17	3.45350874470363e+17	3.45350874470363e+17	3.45350874470363e+17	3.45350874470363e+17	3.45350874470363e+17	3.45350874470363e+17	3.45350874470363e+17	3.45350874470363e+17	3.45350874470363e+17	3.45350874470363e+17	3.45350874470363e+17	3.45350874470363e+17	0.0	3.09465253513573e+17	3.4161030111773664e+17	3.169001151734263e+17	3.484789615309908e+17	3.172585870958035e+17	3.247527406672756e+17	3.1385553407938336e+17	3.3221311700830803e+17	3.350160673352391e+17	3.45350874470363e+17	3.45350874470363e+17	3.45350874470363e+17	3.45350874470363e+17	3.45350874470363e+17	3.45350874470363e+17	3.0362155208107725e+17	3.45350874470363e+17	3.274757592556745e+17	3.11548928347625e+17	2.8263941952229363e+17	3.053179041851693e+17	3.548139306151622e+17	2.6548576085021715e+17	3.844807481090116e+17	3.123002470550079e+17	3.3868805412073216e+17	3.3282653959668077e+17	2.6942407362987034e+17	3.597880706331001e+17	2.913877290790094e+17	
3.409256797018981e+17	3.409256797018981e+17	3.409256797018981e+17	3.409256797018981e+17	3.409256797018981e+17	3.409256797018981e+17	3.409256797018981e+17	3.409256797018981e+17	3.409256797018981e+17	3.409256797018981e+17	3.409256797018981e+17	3.409256797018981e+17	3.409256797018981e+17	3.409256797018981e+17	3.409256797018981e+17	3.409256797018981e+17	3.409256797018981e+17	3.409256797018981e+17	3.409256797018981e+17	3.409256797018981e+17	3.409256797018981e+17	3.409256797018981e+17	3.409256797018981e+17	3.409256797018981e+17	3.09465253513573e+17	0.0	2.955796507303033e+17	3.1218460954573075e+17	3.4974339164724326e+17	3.03930079638034e+17	2.6424165036094138e+17	3.2293949869432755e+17	3.410421343751235e+17	3.317555144201239e+17	3.409256797018981e+17	3.409256797018981e+17	3.409256797018981e+17	3.409256797018981e+17	3.409256797018981e+17	3.409256797018981e+17	3.3146796975966874e+17	3.409256797018981e+17	3.304713884893559e+17	2.6388427023586586e+17	2.5276454803546016e+17	2.5838831455361952e+17	2.915542529742716e+17	2.8086258105245248e+17	3.086369321647683e+17	3.015058075086175e+17	3.201361488866906e+17	2.9931640666439565e+17	2.6560059597067933e+17	2.9621788188547334e+17	2.618808398233337e+17	
3.2645292076815674e+17	3.2645292076815674e+17	3.2645292076815674e+17	3.2645292076815674e+17	3.2645292076815674e+17	3.2645292076815674e+17	3.2645292076815674e+17	3.2645292076815674e+17	3.2645292076815674e+17	3.2645292076815674e+17	3.2645292076815674e+17	3.2645292076815674e+17	3.2645292076815674e+17	3.2645292076815674e+17	3.2645292076815674e+17	3.2645292076815674e+17	3.2645292076815674e+17	3.2645292076815674e+17	3.2645292076815674e+17	3.2645292076815674e+17	3.2645292076815674e+17	3.2645292076815674e+17	3.2645292076815674e+17	3.2645292076815674e+17	3.4161030111773664e+17	2.955796507303033e+17	0.0	2.938520010881415e+17	3.1726553624055795e+17	3.6361103135010003e+17	3.11744383079842e+17	3.226698315275758e+17	3.097866083288294e+17	2.96772890610224e+17	3.2645292076815674e+17	3.2645292076815674e+17	3.2645292076815674e+17	3.2645292076815674e+17	3.2645292076815674e+17	3.2645292076815674e+17	3.09500014417959e+17	3.2645292076815674e+17	3.052527109655904e+17	2.7493354752098586e+17	2.82776906598174e+17	2.8915061649647546e+17	3.4862550700006534e+17	3.079067084995204e+17	3.3086385643549946e+17	3.4644825455950624e+17	4.194074992109919e+17	3.168398840740991e+17	2.866296102041419e+17	3.526886560706606e+17	2.6419111429512202e+17	
1.4331066464864898e+17	1.4331066464864894e+17	1.4331066464864894e+17	1.4331066464864898e+17	1.4331066464864898e+17	1.4331066464864894e+17	1.4331066464864894e+17	1.4331066464864894e+17	1.4331066464864894e+17	1.4331066464864894e+17	1.4331066464864894e+17	1.4331066464864894e+17	1.4331066464864894e+17	1.4331066464864894e+17	1.4331066464864894e+17	1.4331066464864898e+17	1.4331066464864894e+17	1.4331066464864898e+17	1.4331066464864894e+17	1.4331066464864894e+17	1.4331066464864894e+17	1.4331066464864898e+17	1.4331066464864898e+17	1.4331066464864894e+17	3.169001151734263e+17	3.1218460954573075e+17	2.938520010881415e+17	0.0	1.3620883734001138e+17	3.989926494535601e+17	3.4140127739209306e+17	2.1610761449366634e+17	1.1906840046239424e+17	1.3687048924637398e+17	1.4331066464864898e+17	1.4331066464864898e+17	1.4331066464864894e+17	1.4331066464864898e+17	1.4331066464864894e+17	1.4331066464864894e+17	1.334594779332132e+17	1.4331066464864894e+17	1.2116141224000186e+17	3.5483172223003757e+17	3.359959600173156e+17	3.078546311388399e+17	4.005289288056087e+17	3.353871122723983e+17	4.077073111040725e+17	4.154137611962978e+17	4.7265131200421875e+17	4.048715392619856e+17	3.4335952382649466e+17	4.296766071761498e+17	3.15869765643185e+17	
1.3470692151727314e+17	1.3470692151727314e+17	1.3470692151727314e+17	1.3470692151727314e+17	1.3470692151727314e+17	1.3470692151727314e+17	1.3470692151727314e+17	1.3470692151727314e+17	1.3470692151727314e+17	1.3470692151727314e+17	1.3470692151727314e+17	1.3470692151727314e+17	1.3470692151727314e+17	1.3470692151727314e+17	1.3470692151727314e+17	1.3470692151727314e+17	1.3470692151727314e+17	1.3470692151727314e+17	1.3470692151727314e+17	1.3470692151727314e+17	1.3470692151727314e+17	1.3470692151727314e+17	1.3470692151727314e+17	1.3470692151727314e+17	3.484789615309908e+17	3.4974339164724326e+17	3.1726553624055795e+17	1.3620883734001138e+17	0.0	4.481311938778915e+17	3.8770451447532634e+17	2.4270264352205763e+17	1.1259132924932478e+17	1.4709749963797494e+17	1.3470692151727314e+17	1.3470692151727314e+17	1.3470692151727314e+17	1.3470692151727314e+17	1.3470692151727314e+17	1.3470692151727314e+17	1.3721363210073989e+17	1.3470692151727314e+17	1.1594463251706578e+17	4.0163825511548486e+17	3.785513583631967e+17	3.503733641135602e+17	4.4643034152897e+17	3.774292646877095e+17	4.547531744220248e+17	4.6664283582019994e+17	5.152319901126108e+17	4.477071849529537e+17	3.8352368266525114e+17	4.792863806642875e+17	3.605434382812784e+17	
4.23528186203479e+17	4.23528186203479e+17	4.23528186203479e+17	4.23528186203479e+17	4.23528186203479e+17	4.23528186203479e+17	4.23528186203479e+17	4.23528186203479e+17	4.23528186203479e+17	4.23528186203479e+17	4.23528186203479e+17	4.23528186203479e+17	4.23528186203479e+17	4.23528186203479e+17	4.23528186203479e+17	4.23528186203479e+17	4.23528186203479e+17	4.23528186203479e+17	4.23528186203479e+17	4.23528186203479e+17	4.23528186203479e+17	4.23528186203479e+17	4.23528186203479e+17	4.23528186203479e+17	3.172585870958035e+17	3.03930079638034e+17	3.6361103135010003e+17	3.989926494535601e+17	4.481311938778915e+17	0.0	2.632033527542749e+17	3.799112174432967e+17	4.254906422507232e+17	4.223695143260011e+17	4.23528186203479e+17	4.23528186203479e+17	4.23528186203479e+17	4.23528186203479e+17	4.23528186203479e+17	4.23528186203479e+17	4.216011351782778e+17	4.23528186203479e+17	4.1866418427408915e+17	2.720262327993431e+17	2.8254495971238902e+17	2.72388082841546e+17	2.6980631310347334e+17	2.7721324743790858e+17	2.8169895982628403e+17	2.7006848206339514e+17	3.0950550115234074e+17	2.7264820226797107e+17	2.965538141054642e+17	2.3405356548183136e+17	2.5603873745049616e+17	
3.7853216939471066e+17	3.7853216939471066e+17	3.7853216939471066e+17	3.7853216939471066e+17	3.7853216939471066e+17	3.7853216939471066e+17	3.7853216939471066e+17	3.7853216939471066e+17	3.7853216939471066e+17	3.7853216939471066e+17	3.7853216939471066e+17	3.7853216939471066e+17	3.7853216939471066e+17	3.7853216939471066e+17	3.7853216939471066e+17	3.7853216939471066e+17	3.7853216939471066e+17	3.7853216939471066e+17	3.7853216939471066e+17	3.7853216939471066e+17	3.7853216939471066e+17	3.7853216939471066e+17	3.7853216939471066e+17	3.7853216939471066e+17	3.247527406672756e+17	2.6424165036094138e+17	3.11744383079842e+17	3.4140127739209306e+17	3.8770451447532634e+17	2.632033527542749e+17	0.0	3.311447452419262e+17	3.7515534897482406e+17	3.6232821083427155e+17	3.7853216939471066e+17	3.7853216939471066e+17	3.7853216939471066e+17	3.7853216939471066e+17	3.7853216939471066e+17	3.7853216939471066e+17	3.7263425408313434e+17	3.7853216939471066e+17	3.6761305603949344e+17	2.4206653267989174e+17	2.6496703523835373e+17	2.232367678768658e+17	2.7729530038378342e+17	2.7477630490974083e+17	2.7039957942632422e+17	2.6083919473769584e+17	3.0810071333150605e+17	2.934429591798374e+17	2.7520636371502928e+17	2.4009730900728643e+17	2.339270854330381e+17	
2.6075370468713674e+17	2.6075370468713674e+17	2.6075370468713674e+17	2.6075370468713674e+17	2.6075370468713674e+17	2.6075370468713674e+17	2.6075370468713674e+17	2.6075370468713674e+17	2.6075370468713674e+17	2.6075370468713674e+17	2.6075370468713674e+17	2.6075370468713674e+17	2.6075370468713674e+17	2.6075370468713674e+17	2.6075370468713674e+17	2.6075370468713674e+17	2.6075370468713674e+17	2.6075370468713674e+17	2.6075370468713674e+17	2.6075370468713674e+17	2.6075370468713674e+17	2.6075370468713674e+17	2.6075370468713674e+17	2.6075370468713674e+17	3.1385553407938336e+17	3.2293949869432755e+17	3.226698315275758e+17	2.1610761449366634e+17	2.4270264352205763e+17	3.799112174432967e+17	3.311447452419262e+17	0.0	2.300277407833906e+17	2.421162766481867e+17	2.6075370468713674e+17	2.6075370468713674e+17	2.6075370468713674e+17	2.6075370468713674e+17	2.6075370468713674e+17	2.6075370468713674e+17	2.37938073433468e+17	2.6075370468713674e+17	2.2806741314351312e+17	3.463147544348897e+17	3.1916121374465805e+17	2.920318392175345e+17	3.831847576740779e+17	3.350344546097e+17	4.0281513861182534e+17	3.928898648854058e+17	4.6590898115311123e+17	4.0913918455967526e+17	3.314350615652801e+17	4.0824325910583795e+17	3.030667332299748e+17	
1.1019173835625448e+17	1.1019173835625448e+17	1.1019173835625448e+17	1.1019173835625448e+17	1.1019173835625448e+17	1.1019173835625448e+17	1.1019173835625448e+17	1.1019173835625448e+17	1.1019173835625448e+17	1.1019173835625448e+17	1.1019173835625448e+17	1.1019173835625448e+17	1.1019173835625448e+17	1.1019173835625448e+17	1.1019173835625448e+17	1.1019173835625448e+17	1.1019173835625448e+17	1.1019173835625448e+17	1.1019173835625448e+17	1.1019173835625448e+17	1.1019173835625448e+17	1.1019173835625448e+17	1.1019173835625448e+17	1.1019173835625448e+17	3.3221311700830803e+17	3.410421343751235e+17	3.097866083288294e+17	1.1906840046239424e+17	1.1259132924932478e+17	4.254906422507232e+17	3.7515534897482406e+17	2.300277407833906e+17	0.0	1.383344219121457e+17	1.1019173835625448e+17	1.1019173835625448e+17	1.1019173835625448e+17	1.1019173835625448e+17	1.1019173835625448e+17	1.1019173835625448e+17	1.173520281371764e+17	1.1019173835625448e+17	8.912470783887765e+16	3.82875027228413e+17	3.623386002504157e+17	3.3865094304531526e+17	4.287458724970058e+17	3.625385208387199e+17	4.382561170228443e+17	4.514106223809194e+17	5.034676988161479e+17	4.3263016830851296e+17	3.6878115203021094e+17	4.6036528726477523e+17	3.431821394250484e+17	
1.498359822371741e+17	1.498359822371741e+17	1.498359822371741e+17	1.498359822371741e+17	1.498359822371741e+17	1.498359822371741e+17	1.498359822371741e+17	1.498359822371741e+17	1.498359822371741e+17	1.498359822371741e+17	1.498359822371741e+17	1.498359822371741e+17	1.498359822371741e+17	1.498359822371741e+17	1.498359822371741e+17	1.498359822371741e+17	1.498359822371741e+17	1.498359822371741e+17	1.498359822371741e+17	1.498359822371741e+17	1.498359822371741e+17	1.498359822371741e+17	1.498359822371741e+17	1.498359822371741e+17	3.350160673352391e+17	3.317555144201239e+17	2.96772890610224e+17	1.3687048924637398e+17	1.4709749963797494e+17	4.223695143260011e+17	3.6232821083427155e+17	2.421162766481867e+17	1.383344219121457e+17	0.0	1.498359822371741e+17	1.498359822371741e+17	1.498359822371741e+17	1.498359822371741e+17	1.498359822371741e+17	1.498359822371741e+17	1.4832736308204643e+17	1.498359822371741e+17	1.387199134860527e+17	3.6692108737142496e+17	3.543878144476712e+17	3.3145336803138854e+17	4.178420356597383e+17	3.5214366016846624e+17	4.206715630711722e+17	4.342678137224037e+17	4.9354825085020986e+17	4.253604144907112e+17	3.605710183446159e+17	4.512435736117735e+17	3.3501414894814445e+17	
5.22795241248653	4.652025159064604	4.743721930716934	5.141272061023792	5.207316294537184	5.072785436487274	4.683820962962637	4.940491089437631	5.447559868751455	5.554759949934217	5.375608930209789	5.3632265819978695	5.347801355096576	5.741954103369244	5.246499033535968	5.217466892292681	4.995361767511505	4.901270007518913	3.771045718391808	4.451837461894469	5.3308162360081885	6.617320046783606	6.539565698810751	6.458050967487588	3.45350874470363e+17	3.409256797018981e+17	3.2645292076815674e+17	1.4331066464864898e+17	1.3470692151727314e+17	4.23528186203479e+17	3.7853216939471066e+17	2.6075370468713674e+17	1.1019173835625448e+17	1.498359822371741e+17	0.0	4.287490940214815	4.233343681950311	4.857762791889601	4.003276135464207	4.621892607312721	1.378968354785824e+17	4.19366458794373	8.617842101483715e+16	3.90732219201007e+17	3.761118634915398e+17	3.496003867386339e+17	4.3097475345224486e+17	3.768514462761008e+17	4.380515441227913e+17	4.5954092714139014e+17	5.0574815544930656e+17	4.3583492124568877e+17	3.894517078571497e+17	4.6540014405243757e+17	3.534164623973279e+17	
