0.0	0.08026455652697174	0.09186507078655265	0.07890092030104559	0.07878539169652177	0.07836124805522407	0.07853735968467228	0.07491770439243212	0.6824465829791514	0.7086632755508184	0.6813542041210373	0.6572167207157721	0.6526446405517733	0.7243528669798603	0.6860360199238196	0.7370018474971096	0.07995619603877696	0.07703905031756508	0.8960514625061298	0.8988810604526372	0.972014028144035	0.8053081693863309	0.8039517323947319	0.7970912845637863	0.513787385601758	0.24522380186270284	0.2103814466488509	0.20659139058939419	0.25046391172164884	0.6066812560189625	0.3158179748108979	0.22559067345211967	0.23121495210311177	0.37708845082673403	1.0299593583330433	0.9689212981526442	0.9291580971731721	0.8559958476873946	1.1433008322618907	0.7920801119160811	0.3469221432047204	1.0418726874230113	0.22539464446567123	0.26696546533261384	0.2743417756243748	0.28174232832145635	0.43408652136276443	0.25342595748413294	0.37189379315266535	0.3110855379487564	0.4064524608921474	0.2766534449884767	0.25046131046410236	0.3306399688720906	0.28071017244562446	
0.08026455652697174	0.0	0.07746356358672503	0.07121986857213897	0.07184174078630472	0.07109574457501922	0.0713494794870143	0.06533992370240921	0.6949188194952046	0.7256757894792482	0.7048018072829344	0.6690971085580997	0.6753246765405121	0.7440259368010731	0.7091311675308505	0.7537177685283561	0.07267914733959664	0.06719575138511089	0.9170106407961642	0.9157894269124246	0.9903615063212879	0.8331816575755047	0.8315684479350688	0.8251252836327271	0.4859995005798545	0.21425962867899767	0.18164036131350877	0.17967110911967363	0.23119493056298315	0.5809932666829114	0.2819542877045594	0.19503990966795162	0.20818140084405995	0.35734626097422567	1.039380765227132	0.9840238169219697	0.9453755784063229	0.8535329951784928	1.151774290204217	0.7940780653757553	0.3261022363517484	1.0514750396902692	0.19803968644888714	0.23449096106721268	0.2399469991483021	0.25163715582804935	0.40499484689744336	0.2218157587908126	0.33910895122188345	0.28277150111425187	0.3763043181569781	0.24568125725996556	0.2170558414245847	0.2952224439670577	0.2471223239301424	
0.09186507078655265	0.07746356358672503	0.0	0.08505196401964527	0.07629686088105894	0.08729072938123293	0.07617002320426977	0.07654917161747139	0.6909476268645821	0.7221342702647499	0.7001213011695891	0.6658001454146726	0.6713684976134675	0.7386490584592968	0.704528448811419	0.7518307080952276	0.08205829872830232	0.07994516519976096	0.9136997195511969	0.9141714268618096	0.9882089682746616	0.8280655462728782	0.8262839208756657	0.8197064055808473	0.4930457148818856	0.2191585235978848	0.18741549079022968	0.18649922041722722	0.2367874027805191	0.5846838115899784	0.28504662109400786	0.20022299399947813	0.21188270140284957	0.36080677914296216	1.0391580313666093	0.980248750089338	0.9404375334485314	0.8446563482906684	1.1491901852677915	0.7912635790721256	0.327710561480822	1.052140569002884	0.2032538331873438	0.24102129115174925	0.2429025300399243	0.2578429064135082	0.40857151496181565	0.22406880617617772	0.34202393037803086	0.28835393958274397	0.3808067634963183	0.2518286155384203	0.22190662255163585	0.2980562149281149	0.2494691281442256	
0.07890092030104559	0.07121986857213897	0.08505196401964527	0.0	0.07187849524178762	0.07427115382531897	0.07517144396993078	0.07189609366981302	0.6990514345096634	0.7270975311045778	0.7052462732912497	0.6745435179830173	0.6760901300995924	0.7428660195627054	0.7095361317391977	0.7594142598457051	0.0731072415715073	0.07249660274768423	0.9179740591725478	0.9202163378110061	0.9944644300294345	0.8318841210750985	0.8303821052515071	0.8240425284485938	0.4944604840219807	0.21890670522827949	0.1845933783004846	0.1807336470787401	0.22746512102591632	0.5952326586622945	0.29050344432972575	0.19737349947039823	0.2057222251987867	0.3608855123265253	1.0455041884507246	0.983030601837981	0.9469521289135479	0.852137203854479	1.1515149465464338	0.7873917628394721	0.3250165074867626	1.061745216226521	0.1980606084384784	0.24026465880454662	0.24815589919390987	0.2568284267933853	0.4142217909414998	0.2264161829517169	0.34880679840735623	0.28904693878338	0.38745435014449703	0.2521673627618733	0.22295759550066155	0.30494706534247434	0.2540231203608096	
0.07878539169652177	0.07184174078630472	0.07629686088105894	0.07187849524178762	0.0	0.06654967263116808	0.07458113989271403	0.06830550322192369	0.7094283491513416	0.7400693478037969	0.7179253045744037	0.6852328588747936	0.689265080931459	0.7553920265760985	0.7227229220402658	0.7721047335499251	0.06824733553685106	0.062666849208035	0.9323138506909571	0.9335906630334093	1.0067051193779288	0.8450261574553412	0.8437120512217794	0.8374943071698734	0.4978725144590588	0.20943877587371357	0.17280009168832977	0.16862660431746967	0.2157790463062474	0.5966176509048374	0.28361375578793535	0.18654616073042818	0.19315633963838286	0.3537066105670549	1.0588307212140788	0.9974686220182432	0.9575320281064255	0.8567209222441403	1.167294348270138	0.7984711892094083	0.31813229295180956	1.0729064378924513	0.18620655032975617	0.23279912521231755	0.23854010360200842	0.2512995224768476	0.4124435902403049	0.21695534577526332	0.3451850820822884	0.2834060806531561	0.38277613149186307	0.244755083297385	0.21330486889584835	0.29893357197798864	0.24597106211726433	
0.07836124805522407	0.07109574457501922	0.08729072938123293	0.07427115382531897	0.06654967263116808	0.0	0.07431982447572995	0.07137703436073226	0.7086246534110756	0.7398705800159839	0.7172595241631479	0.6844622093192154	0.6890672509580279	0.7561724475503665	0.722599936935616	0.7691636738735459	0.06880755884760596	0.06444864427331957	0.9313737167091822	0.9313529309584027	1.0051040582958046	0.8448884926994001	0.8436158626013648	0.8373653393830346	0.49679807276570037	0.21013572372910302	0.17224399550274594	0.1678564296034074	0.21822172141987584	0.5925164341757672	0.284664055928885	0.1870644513523873	0.19548431816073428	0.3513222426041116	1.0557885440232324	0.9979523826042892	0.9577948914234652	0.8658062840829609	1.1670373339241937	0.8016039172845859	0.31963917324504315	1.067997021318842	0.1878962406291735	0.23137911998967192	0.24054032734507833	0.2493187591212361	0.411353756426107	0.2174480164203039	0.3450321555230076	0.28086410554937336	0.3823714150987486	0.24345440676811636	0.21445925369753027	0.3007081296879376	0.2473780813920877	
0.07853735968467228	0.0713494794870143	0.07617002320426977	0.07517144396993078	0.07458113989271403	0.07431982447572995	0.0	0.07261662016352702	0.6943297186661771	0.7247872187462943	0.7025145747516186	0.6687422589788444	0.6739947238907616	0.7424837539958367	0.7076379635777438	0.752635020983112	0.07255137445963537	0.07155286716638155	0.9159207386978826	0.9154040401913078	0.9886413913449296	0.8307469029803227	0.829124877076837	0.8224700097583673	0.4928577124932661	0.2187016535518207	0.1847551076131849	0.18308118159655368	0.23654447651184818	0.5866755332779412	0.28887250798364905	0.20021878515483535	0.2118957366353912	0.3617251281526463	1.0409318931170346	0.986405179974697	0.9435551365001751	0.8592273687253553	1.1583112626835241	0.796535811337897	0.3321225053531222	1.049976723450325	0.20249956788602408	0.23902116860571718	0.24789933767562983	0.25753990330802445	0.40765944475364724	0.22418154877212845	0.34270437032930817	0.2881707798992588	0.3847552065135762	0.2514129855662428	0.22359278043289604	0.30374594920255016	0.2544219979617369	
0.07491770439243212	0.06533992370240921	0.07654917161747139	0.07189609366981302	0.06830550322192369	0.07137703436073226	0.07261662016352702	0.0	0.6921051434550243	0.7229969010111665	0.6990738381460377	0.6674625347807134	0.6700616596635982	0.738389066441916	0.7033387714203495	0.751112033196688	0.07082032714657323	0.06789294441057668	0.911954429058144	0.9126220890076083	0.987491130498924	0.8263990038403844	0.8247545490969804	0.818534570508632	0.4972995107121372	0.2247513028284392	0.19016799673479648	0.1851950896784603	0.23351886676457717	0.5933737225313904	0.2956065921720068	0.20229822938983785	0.21184163009849477	0.36187360709683464	1.0371388308562102	0.9766087089763686	0.9419910784268255	0.8504610026174265	1.1438027277102576	0.7944049834347894	0.3289243193768906	1.0524683164967956	0.2040046193207216	0.24529416415218674	0.251731341130378	0.2627098073351183	0.4193281672188512	0.23216397487448945	0.35539354507056603	0.29295527146414074	0.3884505862343105	0.2575165096550643	0.22805992279079315	0.31055073147332135	0.25952949322330926	
0.6824465829791514	0.6949188194952046	0.6909476268645821	0.6990514345096634	0.7094283491513416	0.7086246534110756	0.6943297186661771	0.6921051434550243	0.0	0.554992364162492	0.47280273273947826	0.4863782078773287	0.45804965416511234	0.5506459866624295	0.4780142848841381	0.5051279273459153	0.7009617031347009	0.70693051435481	0.6462866539814945	0.6637363610659328	0.704006983953216	0.6139004724259477	0.6033014557747869	0.5840998821469868	0.8348110477273706	0.7950868013103731	0.8034383128246819	0.8108782118522422	0.8435826854134544	0.8097456708458207	0.7869692124230155	0.796929790106249	0.8282085245536901	0.8408162176670577	0.8370667076833348	0.8284419181311076	0.7635361689953948	0.9284719939175475	1.008795900489692	0.88706807897949	0.8394756544988246	0.7872040728334726	0.8149788692161036	0.7935040700700957	0.7874054045009763	0.7899068826711796	0.7949882041594797	0.79314029467892	0.7822049466289436	0.7982845419107836	0.8032789871408812	0.7957873316086589	0.7934516736234069	0.7807183868540291	0.7803197077850864	
0.7086632755508184	0.7256757894792482	0.7221342702647499	0.7270975311045778	0.7400693478037969	0.7398705800159839	0.7247872187462943	0.7229969010111665	0.554992364162492	0.0	0.49832747513346815	0.5212072429820682	0.4783038580139101	0.5044008179294917	0.4907438573160303	0.5237544352095254	0.7325896903677	0.7383789927956769	0.5950707380818772	0.6278058906989189	0.6680495592763164	0.5674250706636733	0.5584276202130805	0.5378362139399265	0.8471945616158948	0.8239388863720855	0.8380316221774424	0.8441480427181441	0.8709157037217081	0.8205193793298299	0.814613787883	0.8379275099558788	0.8554075388703734	0.8560000888922991	0.8002946616206623	0.7778867029932471	0.7305835184840452	0.8998655963762887	0.950669045839805	0.8612254853399177	0.8618732963848955	0.7747420213655476	0.8472037001367342	0.8191395912813797	0.830992597258742	0.8215777220439049	0.8179790856400585	0.8216642531486043	0.8082548972240682	0.8371250480348441	0.8214245956649328	0.8316189993680768	0.8260753915967711	0.8025026754519368	0.8178325240564787	
0.6813542041210373	0.7048018072829344	0.7001213011695891	0.7052462732912497	0.7179253045744037	0.7172595241631479	0.7025145747516186	0.6990738381460377	0.47280273273947826	0.49832747513346815	0.0	0.4655173503931996	0.33281606961800175	0.48985039487106685	0.3229042290790833	0.38753862537605677	0.7077158550640416	0.7165635944820247	0.5357756501882418	0.5849135127735201	0.6137116635829201	0.3980730709499582	0.3880322793681459	0.37077981301513896	0.8662419803022045	0.8334927720304879	0.8332801554728734	0.835234326757644	0.8561739196960944	0.8411813081051464	0.8328137227920998	0.833565702219321	0.8463379446280135	0.85841185382917	0.782472691150706	0.7598963438225662	0.6818079575361397	0.9059136910302444	0.9497055673428244	0.8618880490140666	0.8608916766389757	0.727435348194785	0.8408614226050498	0.8312859781815407	0.8337669983303105	0.8327772880658709	0.8398277049416769	0.8307296075446889	0.8339690000564078	0.837912984463019	0.8426979174325001	0.8347054626887941	0.8318272871437475	0.8300090051578994	0.8295204399984368	
0.6572167207157721	0.6690971085580997	0.6658001454146726	0.6745435179830173	0.6852328588747936	0.6844622093192154	0.6687422589788444	0.6674625347807134	0.4863782078773287	0.5212072429820682	0.4655173503931996	0.0	0.4634066315951352	0.5334377367914431	0.46962368374151237	0.4609416527874218	0.6759765055358146	0.6822558456057164	0.6264012700680078	0.6399983139746681	0.6685295284528388	0.5993972271145499	0.5851022382878365	0.5660968501967948	0.8312435848141324	0.7761014990989601	0.7804447922303651	0.7884654930644867	0.8226340646488622	0.7838080536959326	0.7707770012375281	0.777642169090929	0.8040756099141683	0.8166167422482447	0.8162185280487874	0.8283280483240707	0.7556004341408024	0.9239436428917321	1.002227456674816	0.8738572596843173	0.8246458698820072	0.7445303671162581	0.795920457462139	0.7735446293976866	0.771438779789546	0.7746203027802293	0.7848619935327185	0.7709267988106657	0.7700695585616771	0.7831993413545278	0.785996724908266	0.7763894560352486	0.7726431137996544	0.7628046187392253	0.7667996094040741	
0.6526446405517733	0.6753246765405121	0.6713684976134675	0.6760901300995924	0.689265080931459	0.6890672509580279	0.6739947238907616	0.6700616596635982	0.45804965416511234	0.4783038580139101	0.33281606961800175	0.4634066315951352	0.0	0.5028926446106353	0.32205858266798104	0.37085871063015685	0.6801213514826221	0.6875138601295806	0.5154923689937776	0.558499780656734	0.5960463924412981	0.4231462901213683	0.4156916442576928	0.39401267595740136	0.8261246406858989	0.7999335298000436	0.8024770467586362	0.806198407864121	0.8293109937224105	0.7954915884728011	0.7961058734291955	0.8041505462597611	0.8195142864584539	0.8273967280392343	0.7648576600883176	0.7431683889970953	0.68169331605549	0.9000539577429916	0.9358468083072372	0.8567785204243804	0.8320629423994851	0.7102553993458508	0.8151658083092449	0.7977765777663485	0.8039711573406209	0.7960759817040838	0.7929200159324867	0.7977439969808876	0.7878893533703654	0.8042721696699723	0.8002300893714293	0.8029925838930974	0.8002378928976405	0.7887350744406962	0.7946322001716086	
0.7243528669798603	0.7440259368010731	0.7386490584592968	0.7428660195627054	0.7553920265760985	0.7561724475503665	0.7424837539958367	0.738389066441916	0.5506459866624295	0.5044008179294917	0.48985039487106685	0.5334377367914431	0.5028926446106353	0.0	0.5049927750057055	0.5681713170836348	0.7477361745559913	0.7552625082860915	0.6285681416786918	0.678632504020961	0.7374905347321891	0.5511984816130906	0.5393630619600943	0.5239920751095645	0.8769721465420179	0.8549760957841201	0.8595903527509289	0.865782683282878	0.8771160660189334	0.9111161818485596	0.8475607552565292	0.853124037766346	0.8692200377646692	0.881180090196586	0.8383254271496058	0.7584123205837413	0.7342725518629954	0.8761489789586385	0.9151583970686546	0.8200506168950644	0.8675516539695316	0.8711564062891148	0.8613121686106411	0.8553537351768514	0.8462472811621478	0.8537587237796428	0.8772336702347613	0.8529107081364032	0.8580847119330041	0.862948249289462	0.873353517015234	0.8577038726792354	0.8516446403732983	0.8487605433828281	0.8474294567034917	
0.6860360199238196	0.7091311675308505	0.704528448811419	0.7095361317391977	0.7227229220402658	0.722599936935616	0.7076379635777438	0.7033387714203495	0.4780142848841381	0.4907438573160303	0.3229042290790833	0.46962368374151237	0.32205858266798104	0.5049927750057055	0.0	0.3669306495793866	0.7133308306346847	0.7209863502910859	0.5037241131579006	0.5536404047455183	0.5818695074929726	0.40545807362249553	0.39356650216165556	0.3727064132010879	0.8584257822142798	0.8348042398748654	0.8387758102397562	0.8394796813712703	0.8602553252638014	0.823667550976018	0.8306047033096225	0.8387578616463306	0.8493282296389314	0.855160978872098	0.7527476666064954	0.7396642790426952	0.6751629113603391	0.9035236375293234	0.9258398229644137	0.866084598368168	0.8598458803492934	0.6960184987647858	0.8461577142240545	0.8300273694063915	0.8401037363448195	0.8336447463764661	0.8282154620897387	0.8315098193356233	0.8238467752629096	0.8389570561656136	0.8347538591622937	0.8365906905298107	0.8354050262207832	0.8232286442326893	0.8294158797796536	
0.7370018474971096	0.7537177685283561	0.7518307080952276	0.7594142598457051	0.7721047335499251	0.7691636738735459	0.752635020983112	0.751112033196688	0.5051279273459153	0.5237544352095254	0.38753862537605677	0.4609416527874218	0.37085871063015685	0.5681713170836348	0.3669306495793866	0.0	0.7604944217534685	0.7675302766986052	0.47387113886875587	0.48211038641846043	0.4745068018547737	0.46280543568952487	0.44473320222921064	0.42351427190575014	0.8972172855783578	0.8699862872237464	0.8772007561915023	0.8798848205627313	0.9164320723968634	0.7672433120831001	0.8559821760319948	0.8779342408881646	0.9005423508725263	0.886488440422425	0.6915632860197899	0.7948044728096962	0.6863637964130648	0.9749168944883877	0.9660400682717676	0.9376174299448452	0.9091636419274828	0.523705749704659	0.8937791217597411	0.8617082926396401	0.8755942485140895	0.8613530055701776	0.8262895014388356	0.8613256533303738	0.8310652553382076	0.8628691803468597	0.8451214301123157	0.8657583693211609	0.8701842983217097	0.8421835475589728	0.8571305884801698	
0.07995619603877696	0.07267914733959664	0.08205829872830232	0.0731072415715073	0.06824733553685106	0.06880755884760596	0.07255137445963537	0.07082032714657323	0.7009617031347009	0.7325896903677	0.7077158550640416	0.6759765055358146	0.6801213514826221	0.7477361745559913	0.7133308306346847	0.7604944217534685	0.0	0.06720595132467358	0.9229294442257533	0.9233694352628863	0.9966230410592076	0.8353540023952477	0.8339671370232281	0.8278263662794965	0.49723183764473716	0.21843120149884035	0.18217946014778488	0.17744843273623156	0.22610229536368473	0.5956228317310256	0.2919746043499947	0.1928589220906161	0.20370482251605476	0.3618983917320668	1.0491356844568844	0.9917413432691564	0.9497936336292829	0.8604463164112771	1.1631915779494078	0.7953182956312257	0.32544102474531467	1.05995462976586	0.19455663907379514	0.23929913614272946	0.24772968899213232	0.2571231214229035	0.414928276125018	0.22566971347458264	0.34893013662662126	0.2887517076922932	0.3890717992091529	0.2527630788113017	0.22240188065985939	0.3075270610458663	0.2550639417108936	
0.07703905031756508	0.06719575138511089	0.07994516519976096	0.07249660274768423	0.062666849208035	0.06444864427331957	0.07155286716638155	0.06789294441057668	0.70693051435481	0.7383789927956769	0.7165635944820247	0.6822558456057164	0.6875138601295806	0.7552625082860915	0.7209863502910859	0.7675302766986052	0.06720595132467358	0.0	0.9296618909592993	0.9301348250200625	1.0030399961297543	0.8446145369048316	0.8432896767344716	0.836858862981334	0.49002756939878955	0.2067963957547776	0.17165316347132964	0.1684383029980962	0.21770002721923165	0.5885803048205543	0.2799558950074183	0.18593091606845355	0.19516596791266833	0.35206977593579153	1.0543527013152627	0.9953796526384944	0.955799182853604	0.8597601439058546	1.1646056572440722	0.8010401401703231	0.3179499868058775	1.0667636014675161	0.1877737361668405	0.22953118317466215	0.23607017990947657	0.24823397469112843	0.40555271947069405	0.21665185277762194	0.33925345022011055	0.2773303145833935	0.37851507518206656	0.24162998050941822	0.21199045809304265	0.29564912341879124	0.24298143755702886	
0.8960514625061298	0.9170106407961642	0.9136997195511969	0.9179740591725478	0.9323138506909571	0.9313737167091822	0.9159207386978826	0.911954429058144	0.6462866539814945	0.5950707380818772	0.5357756501882418	0.6264012700680078	0.5154923689937776	0.6285681416786918	0.5037241131579006	0.47387113886875587	0.9229294442257533	0.9296618909592993	0.0	0.3910859716733729	0.4404744393653201	0.5049890259408664	0.4860741484311622	0.46461254542435526	0.9633683464928372	1.0182951895812682	1.0351305239832815	1.033355440267788	1.0495182921331994	0.8707667864495369	0.9913034973182219	1.03276118212311	1.0437993694536445	1.0094987044499009	0.5663387884456587	0.682821299373695	0.6637158348324865	0.9549907553815936	0.7939251005765752	0.9309050924260064	1.017847881234884	0.5475376720672315	1.0410375970931827	1.0044437254858676	1.0242596784213598	1.003287340581826	0.9426902146146056	1.0105683074613605	0.9613342121591717	1.0057313619199637	0.9575598649587349	1.0172087021562226	1.0170856718570254	0.9736812091193439	1.0033047496568175	
0.8988810604526372	0.9157894269124246	0.9141714268618096	0.9202163378110061	0.9335906630334093	0.9313529309584027	0.9154040401913078	0.9126220890076083	0.6637363610659328	0.6278058906989189	0.5849135127735201	0.6399983139746681	0.558499780656734	0.678632504020961	0.5536404047455183	0.48211038641846043	0.9233694352628863	0.9301348250200625	0.3910859716733729	0.0	0.4142702242968937	0.593652979757031	0.5702048012469402	0.5500682903417691	0.9515491209460272	1.0056526965328378	1.0293448723254282	1.0287939397813939	1.060943550787139	0.7986633447752709	0.9714098132380201	1.025909980974167	1.0481706643062052	1.0034506389164384	0.5475260031549762	0.7383520579504756	0.6948168487063526	0.9966406489209602	0.8338927126555365	0.955187563684486	1.023424578783585	0.43272235722568464	1.0424319871641925	0.9873280078531974	1.0099274227790338	0.9827644481302402	0.8949356742384229	0.992448679194002	0.9130343320683701	0.9829188961833237	0.9280405998183969	0.9974344128245802	1.0054981543169559	0.9438383426370232	0.9775387604404739	
0.972014028144035	0.9903615063212879	0.9882089682746616	0.9944644300294345	1.0067051193779288	1.0051040582958046	0.9886413913449296	0.987491130498924	0.704006983953216	0.6680495592763164	0.6137116635829201	0.6685295284528388	0.5960463924412981	0.7374905347321891	0.5818695074929726	0.4745068018547737	0.9966230410592076	1.0030399961297543	0.4404744393653201	0.4142702242968937	0.0	0.597362848806934	0.5753652298436323	0.5512043301195282	1.0758470139923588	1.0756856519386173	1.1031700687497943	1.104212967970045	1.1328762257906784	0.8165030332756639	1.033957587203969	1.1012438350733804	1.1199380703507227	1.0786276989602224	0.5944774510646615	0.8378011346858	0.7237532182805944	1.0916908656549613	0.9685437838756037	1.0647878936728201	1.1133787782220832	0.36475487971950854	1.1152615718839956	1.0543981989243476	1.090307959517219	1.0565591457175445	0.9482215479158845	1.0622195932637688	0.9699680626618702	1.0620029092135106	1.0000327405391778	1.0725755340629428	1.0788913073685247	1.0018815162064052	1.04919912301966	
0.8053081693863309	0.8331816575755047	0.8280655462728782	0.8318841210750985	0.8450261574553412	0.8448884926994001	0.8307469029803227	0.8263990038403844	0.6139004724259477	0.5674250706636733	0.3980730709499582	0.5993972271145499	0.4231462901213683	0.5511984816130906	0.40545807362249553	0.46280543568952487	0.8353540023952477	0.8446145369048316	0.5049890259408664	0.593652979757031	0.597362848806934	0.0	0.05239719918471336	0.08477740748729995	0.9907965739281037	0.9716139547798235	0.9674821588142624	0.9635515988197141	0.9656395420036884	0.9628941659910686	0.9806453115888999	0.9687322403755873	0.9654607575279796	0.9658272492229649	0.7772561804015896	0.7253922500068613	0.6692784319351296	0.9160058692018532	0.9316340699610358	0.8919440537417981	0.9720407370379215	0.7453737496967722	0.9663072809543555	0.9721875269269027	0.9796402547286222	0.9732550307030535	0.9723727298559044	0.9719658900951265	0.9769682390639908	0.9743142667203365	0.9761951241217279	0.9742017689936725	0.974513018086033	0.9801669096522819	0.9777616974665428	
0.8039517323947319	0.8315684479350688	0.8262839208756657	0.8303821052515071	0.8437120512217794	0.8436158626013648	0.829124877076837	0.8247545490969804	0.6033014557747869	0.5584276202130805	0.3880322793681459	0.5851022382878365	0.4156916442576928	0.5393630619600943	0.39356650216165556	0.44473320222921064	0.8339671370232281	0.8432896767344716	0.4860741484311622	0.5702048012469402	0.5753652298436323	0.05239719918471336	0.0	0.06312535938070322	0.9835725282398206	0.9691590719874874	0.966265365864717	0.9620571124376934	0.9648373688635556	0.9506091430362958	0.9754043326503228	0.9668261886971351	0.9642402328320859	0.9624983508719235	0.7558380817313578	0.7174576686985058	0.6637411651223796	0.9113784292250997	0.9137228995588846	0.8874990221689524	0.9687988442178445	0.7188518809068091	0.9650020854117287	0.9688039496199874	0.975807368871325	0.9695691722211878	0.9661083383597433	0.9683208669238146	0.9706296061310553	0.9698198185889445	0.9696095269487223	0.9699729336965245	0.9714168953264308	0.9738674964172799	0.9729277262371412	
0.7970912845637863	0.8251252836327271	0.8197064055808473	0.8240425284485938	0.8374943071698734	0.8373653393830346	0.8224700097583673	0.818534570508632	0.5840998821469868	0.5378362139399265	0.37077981301513896	0.5660968501967948	0.39401267595740136	0.5239920751095645	0.3727064132010879	0.42351427190575014	0.8278263662794965	0.836858862981334	0.46461254542435526	0.5500682903417691	0.5512043301195282	0.08477740748729995	0.06312535938070322	0.0	0.9755434155840871	0.9608463894016535	0.9590535175450594	0.957373133739838	0.9607348689626657	0.9363892832824806	0.9642603628680179	0.9609428511528515	0.9592189281455304	0.9557946563350143	0.7455591081325161	0.7083973959216346	0.6408658289100395	0.9021308608848368	0.914135768883263	0.8807136522166323	0.9638163264878272	0.7004713653473831	0.9597447361309772	0.959508626819975	0.966578534646932	0.9606043549772885	0.9531191180543019	0.9596813532008293	0.9574469987860225	0.9614205888130085	0.9584821637737948	0.9609787556073168	0.9621918042724574	0.9611100287896995	0.962511686241761	
0.513787385601758	0.4859995005798545	0.4930457148818856	0.4944604840219807	0.4978725144590588	0.49679807276570037	0.4928577124932661	0.4972995107121372	0.8348110477273706	0.8471945616158948	0.8662419803022045	0.8312435848141324	0.8261246406858989	0.8769721465420179	0.8584257822142798	0.8972172855783578	0.49723183764473716	0.49002756939878955	0.9633683464928372	0.9515491209460272	1.0758470139923588	0.9907965739281037	0.9835725282398206	0.9755434155840871	0.0	0.4440630585851279	0.4577809301401492	0.46739758236428786	0.5293401363962399	0.6518110308977706	0.4234155405744772	0.4402446819667199	0.5052985058358932	0.6106574162327066	1.0099795466009343	0.9905432729968535	1.0366859963402726	0.9270760681830831	0.8956939745941683	0.8350947452193217	0.5151980007725065	1.1303856710879079	0.4805497684943599	0.4449115867225519	0.4026266012075915	0.4368505694170239	0.5171778997598292	0.4412346314603812	0.47319585797001856	0.4311937151675305	0.43006234431763185	0.4395375751855332	0.42836528804278384	0.44052752467919454	0.4256782822742745	
0.24522380186270284	0.21425962867899767	0.2191585235978848	0.21890670522827949	0.20943877587371357	0.21013572372910302	0.2187016535518207	0.2247513028284392	0.7950868013103731	0.8239388863720855	0.8334927720304879	0.7761014990989601	0.7999335298000436	0.8549760957841201	0.8348042398748654	0.8699862872237464	0.21843120149884035	0.2067963957547776	1.0182951895812682	1.0056526965328378	1.0756856519386173	0.9716139547798235	0.9691590719874874	0.9608463894016535	0.4440630585851279	0.0	0.13420886706920768	0.15612917728599082	0.21637467504308328	0.5249560743528826	0.17705953800911278	0.14212846301849708	0.19007030278294537	0.35454334008691357	1.112473952814299	1.085714349375877	1.0370956871452082	0.9132114708745572	1.2326792574989016	0.8519197048625714	0.31395541084681194	1.1166964364433665	0.16843283527863684	0.14198704166225976	0.15909902576697435	0.16730146442873836	0.32371348442718484	0.13845150775632697	0.23787072119115105	0.20760655095637143	0.2877924599429137	0.16659435764755182	0.13279465350683456	0.18582766209582605	0.15612917728599082	
0.2103814466488509	0.18164036131350877	0.18741549079022968	0.1845933783004846	0.17280009168832977	0.17224399550274594	0.1847551076131849	0.19016799673479648	0.8034383128246819	0.8380316221774424	0.8332801554728734	0.7804447922303651	0.8024770467586362	0.8595903527509289	0.8387758102397562	0.8772007561915023	0.18217946014778488	0.17165316347132964	1.0351305239832815	1.0293448723254282	1.1031700687497943	0.9674821588142624	0.966265365864717	0.9590535175450594	0.4577809301401492	0.13420886706920768	0.0	0.11695546160825576	0.1781909088590113	0.566675374442896	0.21425335469952397	0.12430937213259592	0.14580541828066715	0.31848089424640513	1.1395633120660076	1.0868885858981991	1.0451741152781115	0.8985044111690077	1.2447796558434845	0.8487835808672806	0.27902433585620184	1.1520655085229539	0.13534023791910615	0.1531593288050073	0.16320024509785636	0.17903943699643515	0.34817937905623564	0.14099709216859857	0.27577164466274423	0.21679893911179515	0.32668333290816787	0.1692813634160607	0.12826917010724062	0.21892025945535448	0.16843283527863684	
0.20659139058939419	0.17967110911967363	0.18649922041722722	0.1807336470787401	0.16862660431746967	0.1678564296034074	0.18308118159655368	0.1851950896784603	0.8108782118522422	0.8441480427181441	0.835234326757644	0.7884654930644867	0.806198407864121	0.865782683282878	0.8394796813712703	0.8798848205627313	0.17744843273623156	0.1684383029980962	1.033355440267788	1.0287939397813939	1.104212967970045	0.9635515988197141	0.9620571124376934	0.957373133739838	0.46739758236428786	0.15612917728599082	0.11695546160825576	0.0	0.15966471119192358	0.58661578567236	0.2324967096541341	0.12855201281971523	0.13548165927534347	0.3019345955666425	1.1297308220684372	1.075112827277339	1.0541918470525498	0.9027382610304777	1.2133386021614019	0.8453079242313368	0.26162950903901544	1.1563069336812493	0.12572358569496903	0.17833233021524858	0.18469629124592757	0.19629284245738704	0.3815548191282356	0.16178603153548324	0.30575297218504927	0.2244356923486087	0.34506810921901526	0.19219162312650503	0.1600889752606355	0.25173001410240525	0.19233304448274235	
0.25046391172164884	0.23119493056298315	0.2367874027805191	0.22746512102591632	0.2157790463062474	0.21822172141987584	0.23654447651184818	0.23351886676457717	0.8435826854134544	0.8709157037217081	0.8561739196960944	0.8226340646488622	0.8293109937224105	0.8771160660189334	0.8602553252638014	0.9164320723968634	0.22610229536368473	0.21770002721923165	1.0495182921331994	1.060943550787139	1.1328762257906784	0.9656395420036884	0.9648373688635556	0.9607348689626657	0.5293401363962399	0.21637467504308328	0.1781909088590113	0.15966471119192358	0.0	0.6539323512413306	0.30009611793555774	0.18144360005246943	0.1626345596729071	0.36910973977935424	1.163431029424294	1.0761451851111163	1.0704083467209933	0.896283274094634	1.2186979458219602	0.8457903565034307	0.3053287081163374	1.2035831180642291	0.16998847019724725	0.24579031714043917	0.24960869375884595	0.26177093039525273	0.44477016536631453	0.22712269811711716	0.37335238046647284	0.2976919548795238	0.41464741648776254	0.2596496100516934	0.22132442251138837	0.318905158315117	0.2568211829269476	
0.6066812560189625	0.5809932666829114	0.5846838115899784	0.5952326586622945	0.5966176509048374	0.5925164341757672	0.5866755332779412	0.5933737225313904	0.8097456708458207	0.8205193793298299	0.8411813081051464	0.7838080536959326	0.7954915884728011	0.9111161818485596	0.823667550976018	0.7672433120831001	0.5956228317310256	0.5885803048205543	0.8707667864495369	0.7986633447752709	0.8165030332756639	0.9628941659910686	0.9506091430362958	0.9363892832824806	0.6518110308977706	0.5249560743528826	0.566675374442896	0.58661578567236	0.6539323512413306	0.0	0.46838753185794924	0.5663925317304213	0.621405439306744	0.6701958072086239	0.9086292456218873	1.1027455624903102	0.9839435298393424	1.0584712101410507	1.2167767429658916	1.0042801611453644	0.680802408926424	0.7469073724630819	0.601889292145992	0.4925705837745332	0.5475834913508559	0.5020458146424346	0.45056844097204524	0.4996416515863999	0.4022023371388796	0.5266531306277306	0.46640763287062653	0.5160465289099305	0.5215619618031866	0.41648589411884784	0.4768728132321892	
0.3158179748108979	0.2819542877045594	0.28504662109400786	0.29050344432972575	0.28361375578793535	0.284664055928885	0.28887250798364905	0.2956065921720068	0.7869692124230155	0.814613787883	0.8328137227920998	0.7707770012375281	0.7961058734291955	0.8475607552565292	0.8306047033096225	0.8559821760319948	0.2919746043499947	0.2799558950074183	0.9913034973182219	0.9714098132380201	1.033957587203969	0.9806453115888999	0.9754043326503228	0.9642603628680179	0.4234155405744772	0.17705953800911278	0.21425335469952397	0.2324967096541341	0.30009611793555774	0.46838753185794924	0.0	0.21368766927457483	0.27152900397562557	0.4078591913883711	1.067490215325193	1.0900189792202284	1.0301911749378097	0.9343219995348893	1.2072930122400998	0.86171789549546	0.37009968927301523	1.069123403283841	0.25102290732121885	0.17140268375962037	0.18059507191504556	0.1705541556221965	0.3029245450603035	0.17281689732199348	0.20463670247538837	0.20873792180626974	0.2572454469956595	0.20067690450074366	0.17041273426595918	0.14693678913056563	0.1534421715174819	
0.22559067345211967	0.19503990966795162	0.20022299399947813	0.19737349947039823	0.18654616073042818	0.1870644513523873	0.20021878515483535	0.20229822938983785	0.796929790106249	0.8379275099558788	0.833565702219321	0.777642169090929	0.8041505462597611	0.853124037766346	0.8387578616463306	0.8779342408881646	0.1928589220906161	0.18593091606845355	1.03276118212311	1.025909980974167	1.1012438350733804	0.9687322403755873	0.9668261886971351	0.9609428511528515	0.4402446819667199	0.14212846301849708	0.12430937213259592	0.12855201281971523	0.18144360005246943	0.5663925317304213	0.21368766927457483	0.0	0.15740196949212662	0.3433710529441678	1.131949314262647	1.0885507514794581	1.0450317960423647	0.899181935253009	1.2284361779458493	0.8335899447482725	0.28326697654332045	1.1480791667382961	0.13930003589375084	0.17097841969090843	0.1626345596729071	0.1822921281898933	0.35510902551186274	0.15386643558619384	0.280579970774812	0.20986929265616805	0.32767328240182886	0.1781909088590113	0.14622968234937908	0.2360322435600663	0.17281689732199348	
0.23121495210311177	0.20818140084405995	0.21188270140284957	0.2057222251987867	0.19315633963838286	0.19548431816073428	0.2118957366353912	0.21184163009849477	0.8282085245536901	0.8554075388703734	0.8463379446280135	0.8040756099141683	0.8195142864584539	0.8692200377646692	0.8493282296389314	0.9005423508725263	0.20370482251605476	0.19516596791266833	1.0437993694536445	1.0481706643062052	1.1199380703507227	0.9654607575279796	0.9642402328320859	0.9592189281455304	0.5052985058358932	0.19007030278294537	0.14580541828066715	0.13548165927534347	0.1626345596729071	0.621405439306744	0.27152900397562557	0.15740196949212662	0.0	0.3401183617507102	1.154027829629458	1.0796920554553002	1.0567230345543104	0.8926147014714745	1.227973522137338	0.8503113432058071	0.2841155046807442	1.1844065106148127	0.14085567081236128	0.21312198384962566	0.22033447301772735	0.2374464571224392	0.41846579310617055	0.19728279195104823	0.34478526650654073	0.27563022330650694	0.3848075103216932	0.23136533880423582	0.19403010075759008	0.2884995667241001	0.23108249609176124	
0.37708845082673403	0.35734626097422567	0.36080677914296216	0.3608855123265253	0.3537066105670549	0.3513222426041116	0.3617251281526463	0.36187360709683464	0.8408162176670577	0.8560000888922991	0.85841185382917	0.8166167422482447	0.8273967280392343	0.881180090196586	0.855160978872098	0.886488440422425	0.3618983917320668	0.35206977593579153	1.0094987044499009	1.0034506389164384	1.0786276989602224	0.9658272492229649	0.9624983508719235	0.9557946563350143	0.6106574162327066	0.35454334008691357	0.31848089424640513	0.3019345955666425	0.36910973977935424	0.6701958072086239	0.4078591913883711	0.3433710529441678	0.3401183617507102	0.0	1.0903655015317415	1.0408981938288313	1.0473872792466974	0.9314901102375692	1.1460926643125935	0.8984007854295943	0.41125330393806653	1.1327461432522916	0.3353100356386424	0.3637357282423373	0.38296903269060845	0.3774535997973542	0.5368354682768186	0.35864455941779494	0.4686703745704239	0.41507168055647453	0.4970960671741279	0.37957492014091354	0.3531291265245407	0.4204456920934932	0.39583837610820166	
1.0299593583330433	1.039380765227132	1.0391580313666093	1.0455041884507246	1.0588307212140788	1.0557885440232324	1.0409318931170346	1.0371388308562102	0.8370667076833348	0.8002946616206623	0.782472691150706	0.8162185280487874	0.7648576600883176	0.8383254271496058	0.7527476666064954	0.6915632860197899	1.0491356844568844	1.0543527013152627	0.5663387884456587	0.5475260031549762	0.5944774510646615	0.7772561804015896	0.7558380817313578	0.7455591081325161	1.0099795466009343	1.112473952814299	1.1395633120660076	1.1297308220684372	1.163431029424294	0.9086292456218873	1.067490215325193	1.131949314262647	1.154027829629458	1.0903655015317415	0.0	0.7690504921012405	0.8288540226335946	1.0676671350557985	0.7580452260099036	1.0481474185639996	1.1067195761084987	0.596040986503124	1.1455068831709612	1.0971506169877698	1.1161415591674901	1.0826069381368433	1.0046197365346639	1.096983419789749	1.018285853386315	1.0774082104382914	1.0176126132132812	1.1052449252886198	1.1112991799577085	1.04444610916918	1.0797655578566998	
0.9689212981526442	0.9840238169219697	0.980248750089338	0.983030601837981	0.9974686220182432	0.9979523826042892	0.986405179974697	0.9766087089763686	0.8284419181311076	0.7778867029932471	0.7598963438225662	0.8283280483240707	0.7431683889970953	0.7584123205837413	0.7396642790426952	0.7948044728096962	0.9917413432691564	0.9953796526384944	0.682821299373695	0.7383520579504756	0.8378011346858	0.7253922500068613	0.7174576686985058	0.7083973959216346	0.9905432729968535	1.085714349375877	1.0868885858981991	1.075112827277339	1.0761451851111163	1.1027455624903102	1.0900189792202284	1.0885507514794581	1.0796920554553002	1.0408981938288313	0.7690504921012405	0.0	0.8539727666591794	0.9236758808281779	0.6343780159138711	0.9317383011965626	1.0177734830077987	0.9918474660993628	1.0806091976244039	1.0860217710025184	1.0889204881344579	1.0860158902230383	1.091963190885101	1.0899467533175913	1.0956728450659257	1.0850638423837922	1.0740874753508767	1.0958262524495503	1.088077797328083	1.0951009547814237	1.0959267113953308	
0.9291580971731721	0.9453755784063229	0.9404375334485314	0.9469521289135479	0.9575320281064255	0.9577948914234652	0.9435551365001751	0.9419910784268255	0.7635361689953948	0.7305835184840452	0.6818079575361397	0.7556004341408024	0.68169331605549	0.7342725518629954	0.6751629113603391	0.6863637964130648	0.9497936336292829	0.955799182853604	0.6637158348324865	0.6948168487063526	0.7237532182805944	0.6692784319351296	0.6637411651223796	0.6408658289100395	1.0366859963402726	1.0370956871452082	1.0451741152781115	1.0541918470525498	1.0704083467209933	0.9839435298393424	1.0301911749378097	1.0450317960423647	1.0567230345543104	1.0473872792466974	0.8288540226335946	0.8539727666591794	0.0	0.944522056172894	1.0382542173578926	0.9543133640925742	1.053956751945334	0.793382194475726	1.0518413429061604	1.0303345067550598	1.0381505782200424	1.031819026610561	0.993562351563148	1.0339923949537881	1.0002033488459774	1.0424153034765726	1.020225137252464	1.039428132431443	1.0371753729839999	1.015628311287638	1.02492647616731	
0.8559958476873946	0.8535329951784928	0.8446563482906684	0.852137203854479	0.8567209222441403	0.8658062840829609	0.8592273687253553	0.8504610026174265	0.9284719939175475	0.8998655963762887	0.9059136910302444	0.9239436428917321	0.9000539577429916	0.8761489789586385	0.9035236375293234	0.9749168944883877	0.8604463164112771	0.8597601439058546	0.9549907553815936	0.9966406489209602	1.0916908656549613	0.9160058692018532	0.9113784292250997	0.9021308608848368	0.9270760681830831	0.9132114708745572	0.8985044111690077	0.9027382610304777	0.896283274094634	1.0584712101410507	0.9343219995348893	0.899181935253009	0.8926147014714745	0.9314901102375692	1.0676671350557985	0.9236758808281779	0.944522056172894	0.0	1.0316339190297814	0.8045667596341618	0.9090824985124909	1.2041843965890207	0.8898568181817312	0.9214998388002738	0.9099667512807822	0.930511935747184	0.9981832184730729	0.9158347158988228	0.965061275156438	0.9535799605242781	0.976147934325166	0.9268698021747749	0.9050103901199166	0.9389872733082165	0.9228450282995151	
