0.0	0.46580618941787316	0.4408891045331111	0.41858770314201355	0.4458340629486898	0.47751440397441236	0.4223692319300244	0.4134636911909869	0.49621152297199794	0.48638211451654034	0.4738222490737422	0.48149805752132563	0.4642202462343963	0.4679082821408327	0.47059467916759656	0.46416105818396225	0.4333261612034814	0.5201818143299304	0.5675864159499208	0.5346209044409628	0.6063274791442831	0.4849345905190632	0.48140904213626584	0.4683794177830424	0.9486047544665511	0.910070188378339	0.8624038593503146	0.8304152432617817	0.8225172360894507	1.000386509555577	0.9100749600128111	0.823558292029895	0.8599897933544395	0.8207346284430871	0.7924278196860712	0.5610805776031622	0.5634274148374713	0.5550307469103272	0.6195250146236961	0.5087527060909722	0.906855893625208	0.6220126774569154	0.8533517232582469	0.9280074970079589	0.9157637349434724	0.901167219555193	0.962493073890375	0.9062875786486233	0.9647272077241583	0.955908143974324	0.9341884669690775	0.9762335879931979	0.8695088744721332	0.9584190531729418	0.9082652512301862	
0.46580618941787316	0.0	0.20819035167566993	0.220745554823967	0.20457566617680614	0.1989605148102442	0.20202831122101697	0.20375319672150924	0.3034615812952345	0.28399737230872085	0.28159276325993443	0.27989558200389797	0.2811254691230277	0.3045081919344022	0.2774421225739773	0.24480918794012668	0.2086337912010083	0.2140204105006841	0.6099220627813066	0.5553512260478818	0.6844466765977851	0.5963622988348384	0.589248238108385	0.5769463382760025	0.8568308133374829	0.7344854839310163	0.6520734180647336	0.5772359793808988	0.6163312294685956	0.9306973175796868	0.7596647506503174	0.5686924777832543	0.6783188678710407	0.5574964188331248	0.7538768215092609	0.578093930843473	0.5795647853215309	0.43365611285582306	0.6100161858410936	0.4522603149593438	0.7770599494724673	0.5938143093259401	0.658261049922035	0.775063011151806	0.7368323178698529	0.7185959856056643	0.8360546798437052	0.7248902854752619	0.852957363620867	0.838969261171385	0.8193459351315032	0.8865429938757711	0.661903974399205	0.8429378889274931	0.7264893208768467	
0.4408891045331111	0.20819035167566993	0.0	0.2337956597753958	0.22194573863389178	0.23204903795700876	0.1898805133927101	0.19666716684754545	0.30021945042768433	0.2803489184270961	0.2833843859841506	0.2857199304380637	0.28459492270976045	0.2983089035871979	0.2763053086140764	0.24105404220897358	0.21974173523622448	0.2405991680238054	0.5736747674856991	0.5161303553158375	0.6502070533811826	0.5581339392723845	0.5504302005048449	0.5367973185298696	0.8195662146494366	0.752326211960007	0.6838438255160594	0.6024090595452217	0.6438110843860843	0.9169247964264249	0.7564242922272368	0.5904506658039586	0.6895117693740944	0.590857076895106	0.7351736771315189	0.5463607949786439	0.5555512685177301	0.43097837208375595	0.580840054342418	0.43749924179489635	0.7628276777925124	0.5671834521905682	0.6703050250020277	0.7781816213012872	0.7536653819503002	0.7220985391724069	0.8346426800420819	0.7057132179318246	0.8476191081797331	0.8333761779396774	0.8070626052048728	0.8829911247522159	0.6721500556505454	0.8397938531915	0.7381745526159535	
0.41858770314201355	0.220745554823967	0.2337956597753958	0.0	0.2429945641631526	0.25673812379095695	0.22752571145210426	0.22402167026950984	0.30658321390913346	0.29221867756427783	0.28466086441923316	0.2931800559825205	0.2767465350447813	0.29908089509311797	0.2814305130221726	0.26594750615953683	0.22258550814435302	0.2689023931831759	0.5685335271124887	0.5214584319935691	0.639634122393727	0.5155116678735182	0.5081207705464057	0.4932660851753346	0.8717799236236573	0.7759369828483482	0.7146821148361263	0.6338250520923053	0.6602881485983451	0.949142502527171	0.7928713371621695	0.6207733761900333	0.7112263017768233	0.6253256522446429	0.7584944660854366	0.5475306776132222	0.5355457130390306	0.43573469259415143	0.594686253406092	0.4276678263929504	0.7895973070173959	0.5809959670839498	0.6993572830687429	0.8171432394052157	0.7843524571546087	0.7589731714841128	0.8663738018450875	0.7671663427833875	0.8809126401283655	0.8654325759167132	0.8514731405854975	0.9109751428636249	0.7194668281384511	0.873593734261503	0.769251200884549	
0.4458340629486898	0.20457566617680614	0.22194573863389178	0.2429945641631526	0.0	0.17926046258427883	0.21583422969722282	0.19737378208513923	0.3219985942162282	0.29174336336370255	0.2891228027594053	0.28961980633589673	0.28632233624507997	0.3096918984422078	0.28859345037590006	0.25477781764884505	0.1884771371792628	0.2192878362858889	0.6558979042195214	0.5944732083256384	0.7296593987471205	0.5996309683488312	0.5962828826832244	0.5866978712639157	0.8920329174453393	0.7962498494418773	0.6822543279637641	0.5744208128173456	0.5750294334526445	1.0154654940883552	0.8171425151513056	0.5757903939595012	0.6766233020726209	0.5507574273670146	0.8331880006622651	0.6267009843415694	0.6324915180316201	0.4921101562443692	0.6708235481029915	0.5032911908668194	0.7841710730088407	0.6592377348139716	0.6536317734822948	0.8468659304014418	0.8100479136365724	0.7833470020241614	0.9175635013024055	0.7826549046122299	0.9333289047060214	0.9171594207494458	0.878055669965646	0.9679863552345569	0.710113865626016	0.9247859622528581	0.7949092951193536	
0.47751440397441236	0.1989605148102442	0.23204903795700876	0.25673812379095695	0.17926046258427883	0.0	0.22060431577230175	0.20736736058357552	0.33055034694447943	0.29934524996859035	0.3005144067321032	0.29494973819334797	0.2937952602150376	0.31967218663186237	0.29862868101066936	0.26210474944620815	0.19521627924229543	0.21777880170482863	0.6659958914839346	0.5994133716139703	0.7441147081167968	0.6285340235545529	0.6244016135440159	0.6148631947483172	0.8763533294682871	0.7867725577128973	0.6622397288762852	0.5562683891968847	0.5628970553410383	1.0088574925596876	0.8064273722414913	0.5675617238789068	0.6700044092426798	0.5268820350488452	0.8318706928985177	0.6341396307344875	0.6431610711516175	0.4961771448171855	0.6742889245000225	0.5100192353788698	0.7741814280663268	0.6619988139199173	0.6425924810480317	0.8314772534516962	0.7985162656228764	0.7691551961470151	0.9069998346981907	0.7653035492592701	0.9214403943077868	0.9065361761065793	0.863436205510796	0.960018418596556	0.6882338063299844	0.9097403328296346	0.7842322258074792	
0.4223692319300244	0.20202831122101697	0.1898805133927101	0.22752571145210426	0.21583422969722282	0.22060431577230175	0.0	0.19853178402570276	0.3240025284797477	0.3024905523088199	0.29277679433703396	0.2971783978592895	0.2930411011359058	0.31599112363807796	0.2907438471307124	0.25446500294589736	0.20189840710519014	0.26423301087008494	0.5679001663992445	0.5205550620952081	0.6355590458733942	0.5314356364637035	0.5255040829934731	0.5122235734851351	0.8584126028236325	0.762941545856095	0.6888107831018566	0.6261734346200797	0.6606669958463239	0.9094478176478847	0.7734837388502758	0.629026677447967	0.7238428230146692	0.607567684950155	0.725921473377063	0.541837340976842	0.5394560304351053	0.43339343440820977	0.5767682685084531	0.43353028721047593	0.8023914883942682	0.5630078949452079	0.6979159585175327	0.7853091478685055	0.7668998508153619	0.7382079908586806	0.8297828297094124	0.7394139002978233	0.8404142952519144	0.837744797264399	0.8318555542340439	0.8781178811982147	0.7050214542369856	0.841918092596476	0.7475647665076525	
0.4134636911909869	0.20375319672150924	0.19666716684754545	0.22402167026950984	0.19737378208513923	0.20736736058357552	0.19853178402570276	0.0	0.3096031224329535	0.28778434933785535	0.2877932128055742	0.28843204423238605	0.28302309433342676	0.29516550126842084	0.2803288025628819	0.2457446237663029	0.1952162006355415	0.2431606770532269	0.5844480839684992	0.5233674462242378	0.6621071138985444	0.5419971442495363	0.53659469999675	0.5250334036869132	0.8352017315569837	0.7794371217325411	0.6996434523091157	0.6096559480131803	0.6280415656307142	0.9625920669159715	0.7938185293295702	0.609119191071277	0.6998103929203984	0.5953696089279501	0.773732737505122	0.5594952906680319	0.5693755030697666	0.45917318540414925	0.6072408087898497	0.4539101557171697	0.7679843247207625	0.5984358763723446	0.6753757064511777	0.8135520582299439	0.7849211520039837	0.7661909005059058	0.8826955034680108	0.756317762311688	0.8951419459548522	0.8723578297120105	0.8351118997489275	0.9240291310757106	0.6947747428490114	0.8802617810881161	0.7766535217470979	
0.49621152297199794	0.3034615812952345	0.30021945042768433	0.30658321390913346	0.3219985942162282	0.33055034694447943	0.3240025284797477	0.3096031224329535	0.0	0.2864675642790313	0.243660553952342	0.2665774861410847	0.23868209723937953	0.2928759386453349	0.22789143603005926	0.26185040433906376	0.31687494115446907	0.30893993492207283	0.6177213890360431	0.5622784426088543	0.694850743365041	0.6003560450189882	0.5940339126490358	0.5775109876879723	0.8629203775014417	0.7836224940944341	0.7185713137970945	0.6225166655491037	0.6528793518266273	0.9845337505136608	0.8068416318346523	0.6038913782756515	0.6648691318986509	0.6144073279232876	0.8042745224295953	0.6028157311326989	0.6054178691145861	0.4784019679987604	0.6455543995417834	0.480467467866444	0.7548122774934785	0.6315929399060157	0.6662352449038352	0.8339749304672336	0.7981787708003487	0.7660211584639897	0.887791927137219	0.7722020851401721	0.9186467829554498	0.9017171571831832	0.878127146354155	0.9488754415569223	0.7201748586509485	0.901929649217095	0.7859935341108427	
0.48638211451654034	0.28399737230872085	0.2803489184270961	0.29221867756427783	0.29174336336370255	0.29934524996859035	0.3024905523088199	0.28778434933785535	0.2864675642790313	0.0	0.29043999178359226	0.26155613551206763	0.28949744129952476	0.22203466761311202	0.28245271766355473	0.2634316857453096	0.28785633464318255	0.2806604916172226	0.6292615036576695	0.5785023755817326	0.7047836717366477	0.598237985347116	0.5899481576571509	0.5756687197592064	0.8589632748665714	0.8003538162785094	0.709149017886568	0.6190451981944545	0.6359735619698595	0.995429579687715	0.8176650082487729	0.5773451591377322	0.6649059542585188	0.6018081933884175	0.8155592876002976	0.6130579365455302	0.6112163663529632	0.49168904113280015	0.6595975653236286	0.49370795770928305	0.7588605002345852	0.6452599171473294	0.6580153517390498	0.8422183337467328	0.8107225013939335	0.7776998339783869	0.9046549343061415	0.777457029460572	0.9252513276213203	0.9101737452465719	0.879035654062514	0.9617080504271571	0.7126604809201693	0.9172654720387294	0.7952365364561416	
0.4738222490737422	0.28159276325993443	0.2833843859841506	0.28466086441923316	0.2891228027594053	0.3005144067321032	0.29277679433703396	0.2877932128055742	0.243660553952342	0.29043999178359226	0.0	0.2626458945506997	0.20576751131688106	0.30262716307986837	0.19204492620373398	0.23724589341269603	0.2845309548588327	0.29304179559622495	0.6106834183578208	0.5607604580478035	0.6803263960019754	0.5783669652381622	0.5724656299379077	0.5568429306851195	0.8819387684721253	0.7866688506891244	0.7084181085586423	0.6136456539385057	0.6540840076668182	0.9706175173558804	0.7916099907455976	0.60847878811949	0.6787256057914685	0.608938453951717	0.7873221400896254	0.5871820468764183	0.5808742876940104	0.4563830715954774	0.6282815591930686	0.46207497405942816	0.7847263560658749	0.6187468416511661	0.6774567632067764	0.8213956396522172	0.7990528061762447	0.7613946318277687	0.881990674342401	0.7729072421596007	0.8966225728036133	0.8877966843995589	0.8742995453825437	0.9348842632333694	0.7314336717104247	0.8921385019943742	0.7815248471027899	
0.48149805752132563	0.27989558200389797	0.2857199304380637	0.2931800559825205	0.28961980633589673	0.29494973819334797	0.2971783978592895	0.28843204423238605	0.2665774861410847	0.26155613551206763	0.2626458945506997	0.0	0.2595984000032294	0.26645761771864535	0.2577231523196403	0.2247195131025977	0.2906659833647198	0.2826189441734049	0.6251169509353736	0.5696558510104032	0.6973330708159388	0.5995766177960682	0.5928385179795355	0.5759013329678151	0.8775558445422054	0.7752691358728858	0.6847319657133287	0.6206402794270489	0.656655060999865	0.9815963272748893	0.8008101832719792	0.5942070070068717	0.6748008504510812	0.6052697497689709	0.8006066806885204	0.6007627193456918	0.6021546851710199	0.4667644856343324	0.6429156052624788	0.47857840070410057	0.7727083637703895	0.6319585534990716	0.6714868669128464	0.8256827529501365	0.7937971880375799	0.7726826566972053	0.8918153623536907	0.773238819752635	0.9090630927805669	0.9015160009264722	0.8664523750555825	0.9456384739562044	0.7062367472867721	0.8965722798081666	0.7847495581623171	
0.4642202462343963	0.2811254691230277	0.28459492270976045	0.2767465350447813	0.28632233624507997	0.2937952602150376	0.2930411011359058	0.28302309433342676	0.23868209723937953	0.28949744129952476	0.20576751131688106	0.2595984000032294	0.0	0.2995306737722029	0.20689897015620168	0.2453490672457619	0.28482547133109853	0.2910723997024068	0.6184730472004184	0.5614849216506657	0.6882973655644768	0.5808839478505271	0.5767244723675798	0.5596287735000872	0.8852190481619778	0.7883448311741428	0.697758311227421	0.6221821077469011	0.6492689444179758	0.990190503923532	0.807550186549425	0.6102319662154857	0.6769053312031791	0.6080055336903418	0.8054438932895901	0.5990785048914097	0.591597534302214	0.4696748171865999	0.6396271912593026	0.4706331324520211	0.7770808289493916	0.6277896343613392	0.682883504187134	0.8328393142066841	0.808483359955934	0.7671991443123122	0.8915746368197782	0.7805826127899858	0.9137403522937019	0.9044201682448907	0.883287101241936	0.9526248073385901	0.7215384077988131	0.9071921897364124	0.7870861960753422	
0.4679082821408327	0.3045081919344022	0.2983089035871979	0.29908089509311797	0.3096918984422078	0.31967218663186237	0.31599112363807796	0.29516550126842084	0.2928759386453349	0.22203466761311202	0.30262716307986837	0.26645761771864535	0.2995306737722029	0.0	0.29233177667640153	0.2738254772611762	0.295897451974555	0.30399640925332316	0.6227763961173718	0.5686689158275526	0.6952796888542102	0.5691550341081927	0.5611503434278521	0.5458214079279926	0.8802119371036575	0.8259216173519098	0.72858928777275	0.6500753736784691	0.6573797231405342	1.0182363245745074	0.8553218403089935	0.614724619995211	0.6816177062840697	0.6277725554292936	0.8313651274811505	0.607614368428863	0.6107455572077589	0.49885382489667607	0.6659823192414056	0.500371071316664	0.7621254754114704	0.6565186547436571	0.6769182526940712	0.8734727499882722	0.832677798196255	0.8199836154212066	0.9389399461452947	0.8142032949763078	0.9519166187800358	0.9429342204999192	0.9068937507639021	0.9881010813077539	0.7400572204073849	0.9416649552803253	0.8336101765267576	
0.47059467916759656	0.2774421225739773	0.2763053086140764	0.2814305130221726	0.28859345037590006	0.29862868101066936	0.2907438471307124	0.2803288025628819	0.22789143603005926	0.28245271766355473	0.19204492620373398	0.2577231523196403	0.20689897015620168	0.29233177667640153	0.0	0.23003164169824072	0.28384280575996246	0.29437541804590106	0.592751566499734	0.5440781386226516	0.6709255929503593	0.5746125607824633	0.5672220145496253	0.5522767133017746	0.8649911214622295	0.7819547634571495	0.7114886522382995	0.6192671174816317	0.6550176507227816	0.9624461286809426	0.7947555098855847	0.61391111315385	0.669794124130789	0.6139152305764946	0.7767623035925586	0.5751725913810672	0.5751155967527899	0.4564533773232772	0.6164485370931417	0.454264058527578	0.7705741374072601	0.6046523888222278	0.6731547903346873	0.8199084390479263	0.7926609880263729	0.7571147900156201	0.8744021057679624	0.7653092051405946	0.8939993012027102	0.8803096902821542	0.8626396943464315	0.9281042020939673	0.7232595205050361	0.884542782312457	0.7786100252229916	
0.46416105818396225	0.24480918794012668	0.24105404220897358	0.26594750615953683	0.25477781764884505	0.26210474944620815	0.25446500294589736	0.2457446237663029	0.26185040433906376	0.2634316857453096	0.23724589341269603	0.2247195131025977	0.2453490672457619	0.2738254772611762	0.23003164169824072	0.0	0.24878420682984387	0.2509155544837461	0.6000079667996195	0.5431800367757778	0.6759806972279859	0.5768220306812903	0.5702917534704549	0.556145273542408	0.8502216383156609	0.7717943246332493	0.6950879618210153	0.6002239870274786	0.6389092883829665	0.9569837630774908	0.7817975795407317	0.5947440877367958	0.6722332086975145	0.5905483673484067	0.7730192197940187	0.5731491339110177	0.5807113525676166	0.4393231465579935	0.6147718690025185	0.4522060349507413	0.7612341444246399	0.6025201779678888	0.668036546216348	0.8086135336896016	0.779969271178505	0.7573385956092435	0.869569642098145	0.7551053409521256	0.8885172141987608	0.8742592230498669	0.8521905812554283	0.9227370182453541	0.704796359732574	0.8748328433828049	0.7726369482712944	
0.4333261612034814	0.2086337912010083	0.21974173523622448	0.22258550814435302	0.1884771371792628	0.19521627924229543	0.20189840710519014	0.1952162006355415	0.31687494115446907	0.28785633464318255	0.2845309548588327	0.2906659833647198	0.28482547133109853	0.295897451974555	0.28384280575996246	0.24878420682984387	0.0	0.24211234108068097	0.6194796168578165	0.5678104682298252	0.6916432066786369	0.5559492607468651	0.5522377231135415	0.5422166810556636	0.87868526978851	0.8060942065435803	0.7161731351566458	0.604490465815998	0.5991514082349698	0.989323673580903	0.8206974425066504	0.5954554786221472	0.6990476766616183	0.5805123253766893	0.8029785611918854	0.594898222194273	0.5929646430845477	0.4791464554271112	0.6434353408039922	0.4790342158825357	0.7923436917956971	0.6314363713259415	0.6661129052758823	0.847165613039625	0.81186843983024	0.788789107203192	0.9058423542999504	0.7919540493091956	0.9190448429736391	0.9062226897727018	0.8804541978043379	0.9546758683404619	0.7342287473301562	0.9141097819898583	0.8005045893351931	
0.5201818143299304	0.2140204105006841	0.2405991680238054	0.2689023931831759	0.2192878362858889	0.21777880170482863	0.26423301087008494	0.2431606770532269	0.30893993492207283	0.2806604916172226	0.29304179559622495	0.2826189441734049	0.2910723997024068	0.30399640925332316	0.29437541804590106	0.2509155544837461	0.24211234108068097	0.0	0.7000668811380604	0.6346331924043196	0.779847306495771	0.6799414697141404	0.6754686111254508	0.6642526963730323	0.8655365896153484	0.7608505570741247	0.6429259059289502	0.5165462610373558	0.5464237924935129	1.0289348587170486	0.794796474780417	0.4814987313535381	0.6298002516968252	0.4965404200724309	0.8596012450414735	0.6690389398286938	0.6762096228677003	0.4968503970286961	0.7101223452552399	0.5327512834034464	0.7391631901907249	0.6946528910606737	0.6102142061345786	0.8330128269205217	0.7843993188948685	0.7547912414867032	0.9142838550962151	0.7527040636434271	0.9337068491547325	0.911783194725025	0.863776349964428	0.9790388346237392	0.6626143934111964	0.9232940309565479	0.7727495774473881	
0.5675864159499208	0.6099220627813066	0.5736747674856991	0.5685335271124887	0.6558979042195214	0.6659958914839346	0.5679001663992445	0.5844480839684992	0.6177213890360431	0.6292615036576695	0.6106834183578208	0.6251169509353736	0.6184730472004184	0.6227763961173718	0.592751566499734	0.6000079667996195	0.6194796168578165	0.7000668811380604	0.0	0.37069565771207247	0.4171434147124319	0.5476689223776677	0.5274755044567668	0.5056201840571081	0.8304463882956689	0.7888803708129989	0.8869903076588515	0.9359632551265918	1.0224927229405387	0.6670101484141987	0.7256621379580581	0.9598613904739987	0.9724799179936584	0.9656301583984578	0.44616156354903025	0.3647678500962686	0.3735528617760643	0.49906722056051583	0.3660850491656581	0.42225377923771884	0.9623998395506833	0.37430749708009603	0.9739404140232079	0.7125708680347975	0.7441005185952099	0.7335290704046323	0.6860176637477792	0.7264246728215397	0.6869387984451225	0.6686540261700514	0.7135954287468396	0.6729654929904284	0.8045826552117382	0.6737222398240085	0.7282091989895952	
0.5346209044409628	0.5553512260478818	0.5161303553158375	0.5214584319935691	0.5944732083256384	0.5994133716139703	0.5205550620952081	0.5233674462242378	0.5622784426088543	0.5785023755817326	0.5607604580478035	0.5696558510104032	0.5614849216506657	0.5686689158275526	0.5440781386226516	0.5431800367757778	0.5678104682298252	0.6346331924043196	0.37069565771207247	0.0	0.46986487555437045	0.5604290627681203	0.5442333955974428	0.5208773960585044	0.7915892393564918	0.7905605657351391	0.8401911229055062	0.8768793819012871	0.9674067261443726	0.769654864244073	0.7398022799539502	0.8964014984396615	0.913998302786927	0.9048955812467526	0.5525370788668171	0.3811709463043417	0.4198111416328461	0.4703686197312915	0.3961485297000892	0.4051332868898941	0.8930807553919788	0.37337310537191265	0.9106109867343519	0.7329377253417403	0.7618143058425224	0.7434535677906823	0.7563426539907375	0.7341228212262194	0.7606385950382116	0.7352745322192915	0.7453360951240304	0.7549462047689626	0.7656980497681761	0.731442013021924	0.7515774671813752	
0.6063274791442831	0.6844466765977851	0.6502070533811826	0.639634122393727	0.7296593987471205	0.7441147081167968	0.6355590458733942	0.6621071138985444	0.694850743365041	0.7047836717366477	0.6803263960019754	0.6973330708159388	0.6882973655644768	0.6952796888542102	0.6709255929503593	0.6759806972279859	0.6916432066786369	0.779847306495771	0.4171434147124319	0.46986487555437045	0.0	0.5260762222730284	0.5064992674902654	0.48094768259116155	0.9044443096097755	0.8428625594347583	0.9403579697931717	1.0119332481120697	1.0977498745281484	0.635045392324583	0.7741634880216508	1.0321791412048935	1.0505116198441078	1.0342919730006597	0.469738005010443	0.4326324308162373	0.4239550989229779	0.5507424892597237	0.4233672026974216	0.4931555154729951	1.0388767195107067	0.43731165883599205	1.047244404726822	0.751435066754419	0.7881582783677351	0.7814892746132724	0.6970041662077886	0.795496395734072	0.6782130675069334	0.6891717779600975	0.7745528412083754	0.6630102330086034	0.8889923590817808	0.686289508098594	0.7696254289088844	
0.4849345905190632	0.5963622988348384	0.5581339392723845	0.5155116678735182	0.5996309683488312	0.6285340235545529	0.5314356364637035	0.5419971442495363	0.6003560450189882	0.598237985347116	0.5783669652381622	0.5995766177960682	0.5808839478505271	0.5691550341081927	0.5746125607824633	0.5768220306812903	0.5559492607468651	0.6799414697141404	0.5476689223776677	0.5604290627681203	0.5260762222730284	0.0	0.05239719918471336	0.08477740748729995	0.9769000255188753	0.9651517898658678	0.9762785260473842	0.9703877826306819	0.9638876561531527	0.9312884215058767	0.9562068109258255	0.9878604211526033	0.9819458368531463	0.9673104661273876	0.7500310396021564	0.5586255493621568	0.5400096429501791	0.6183517578905552	0.6130713682004229	0.5544104537481294	0.9886295167343393	0.6188271832955701	0.9775607004273181	0.9521642773800965	0.9578483782682808	0.9565540536952174	0.9397126332699031	0.9579539257823788	0.9398983167674313	0.9418205540054762	0.955804364393005	0.9373393148472107	0.971704941823663	0.9420288041443676	0.95507583442662	
0.48140904213626584	0.589248238108385	0.5504302005048449	0.5081207705464057	0.5962828826832244	0.6244016135440159	0.5255040829934731	0.53659469999675	0.5940339126490358	0.5899481576571509	0.5724656299379077	0.5928385179795355	0.5767244723675798	0.5611503434278521	0.5672220145496253	0.5702917534704549	0.5522377231135415	0.6754686111254508	0.5274755044567668	0.5442333955974428	0.5064992674902654	0.05239719918471336	0.0	0.06312535938070322	0.9609620759151664	0.9554344402814621	0.9690848652871222	0.9652791594587484	0.9626768665855369	0.9073890794187146	0.9413926687169359	0.9833364782106597	0.9750172569344572	0.9648513778752941	0.7267437180619594	0.5373633239412017	0.5206177800040312	0.6050958165480189	0.5926235678957195	0.5383082247232617	0.9800995985631338	0.5979664929832114	0.9717172777477486	0.9366529514831844	0.943255816212244	0.9422812350359765	0.9207918915060705	0.942404686662626	0.9194663048519709	0.9207830111186247	0.9378223888302071	0.9149906945559567	0.9618889809943277	0.9220705953897658	0.9397745186545068	
0.4683794177830424	0.5769463382760025	0.5367973185298696	0.4932660851753346	0.5866978712639157	0.6148631947483172	0.5122235734851351	0.5250334036869132	0.5775109876879723	0.5756687197592064	0.5568429306851195	0.5759013329678151	0.5596287735000872	0.5458214079279926	0.5522767133017746	0.556145273542408	0.5422166810556636	0.6642526963730323	0.5056201840571081	0.5208773960585044	0.48094768259116155	0.08477740748729995	0.06312535938070322	0.0	0.955150192549407	0.9401858410359806	0.9514985574730168	0.9582547088362655	0.9600992994339195	0.8910502594356143	0.9253732533194776	0.9744764681862771	0.9666758798208335	0.9571089473242546	0.7063375693187036	0.5168923926083491	0.4953310145112089	0.582370661882271	0.569287419211763	0.5172548640532965	0.9726061388826556	0.5756692826110122	0.964970793818157	0.9194604322670732	0.9274889174820604	0.9276596244023539	0.9044133293445135	0.9286152078545614	0.9024648335226988	0.9060641595964467	0.9249398935293937	0.8987971280679572	0.946354133294777	0.9054485245322298	0.9240610663510473	
0.9486047544665511	0.8568308133374829	0.8195662146494366	0.8717799236236573	0.8920329174453393	0.8763533294682871	0.8584126028236325	0.8352017315569837	0.8629203775014417	0.8589632748665714	0.8819387684721253	0.8775558445422054	0.8852190481619778	0.8802119371036575	0.8649911214622295	0.8502216383156609	0.87868526978851	0.8655365896153484	0.8304463882956689	0.7915892393564918	0.9044443096097755	0.9769000255188753	0.9609620759151664	0.955150192549407	0.0	0.9352194287973867	1.0258705181455174	0.9298454172603681	1.0738123579099734	0.951907148833392	0.8688928127220774	0.9292797318354187	1.000697516735272	0.9882524373863867	0.8920510451894572	0.84462281766003	0.8828429718066203	0.8687620956331744	0.8308342599064057	0.8557099774810789	0.8461239743678667	0.8329860685725317	0.9796257346559094	0.872145503915536	0.895480027694696	0.8780852008775041	0.9405934403344054	0.7848885271171013	0.9405934403344054	0.8714383971343493	0.7769689311678106	0.9581296885078348	0.830143361113048	0.891661651076288	0.88360063377076	
0.910070188378339	0.7344854839310163	0.752326211960007	0.7759369828483482	0.7962498494418773	0.7867725577128973	0.762941545856095	0.7794371217325411	0.7836224940944341	0.8003538162785094	0.7866688506891244	0.7752691358728858	0.7883448311741428	0.8259216173519098	0.7819547634571495	0.7717943246332493	0.8060942065435803	0.7608505570741247	0.7888803708129989	0.7905605657351391	0.8428625594347583	0.9651517898658678	0.9554344402814621	0.9401858410359806	0.9352194287973867	0.0	0.7467047609330213	0.8496595082738	1.0038087865724934	0.7250672934287093	0.6132030006449786	0.8471139238615281	0.9848583248366908	0.8643673293224827	0.7021148842925833	0.7707951276179863	0.7805796651051891	0.7169027309909989	0.7250606154711692	0.7425927681246062	1.0237491978019575	0.7144638737911687	0.9507757779834934	0.6048591406269759	0.5986366009525332	0.6003336572273813	0.6491240251292613	0.6011821853648053	0.6730242343333707	0.6358304176429519	0.6274865576249493	0.6709029139898106	0.6393659515488853	0.6191426976069466	0.5932625894155146	
0.8624038593503146	0.6520734180647336	0.6838438255160594	0.7146821148361263	0.6822543279637641	0.6622397288762852	0.6888107831018566	0.6996434523091157	0.7185713137970945	0.709149017886568	0.7084181085586423	0.6847319657133287	0.697758311227421	0.72858928777275	0.7114886522382995	0.6950879618210153	0.7161731351566458	0.6429259059289502	0.8869903076588515	0.8401911229055062	0.9403579697931717	0.9762785260473842	0.9690848652871222	0.9514985574730168	1.0258705181455174	0.7467047609330213	0.0	0.7223802876602	0.83056762518176	0.9847169034804534	0.7670694362311973	0.7178548042606053	0.8284463048382	0.702864140499448	0.8899321585287953	0.8417389228459142	0.8584703814091932	0.7315889912126936	0.8308520396286931	0.7743107578042645	0.9483716149274587	0.83016810502922	0.8138799051457547	0.748260395851632	0.7383609009150186	0.7249258720724719	0.8686099700096027	0.7481189744953947	0.8630945371163466	0.87299403205296	0.856447733373192	0.9033996236439867	0.6267794508437626	0.837780114349864	0.7256329788536586	
0.8304152432617817	0.5772359793808988	0.6024090595452217	0.6338250520923053	0.5744208128173456	0.5562683891968847	0.6261734346200797	0.6096559480131803	0.6225166655491037	0.6190451981944545	0.6136456539385057	0.6206402794270489	0.6221821077469011	0.6500753736784691	0.6192671174816317	0.6002239870274786	0.604490465815998	0.5165462610373558	0.9359632551265918	0.8768793819012871	1.0119332481120697	0.9703877826306819	0.9652791594587484	0.9582547088362655	0.9298454172603681	0.8496595082738	0.7223802876602	0.0	0.5881714205909706	1.1308051644736188	0.8478210306427146	0.5518261320379759	0.6745798692519813	0.5280673441901039	1.0218603268702457	0.9012370202943519	0.9201702497558174	0.7411088758435136	0.9234871840078939	0.792446774407647	0.7662209080937733	0.906283358235141	0.6559122502286533	0.9062280507687334	0.8486695587801387	0.8201024448201973	1.0043744719974428	0.8039804102091413	1.0179509221962268	0.9831612685618427	0.9251785125045361	1.0637714416171227	0.738926586339968	1.0042330506412054	0.8431541258868827	
0.8225172360894507	0.6163312294685956	0.6438110843860843	0.6602881485983451	0.5750294334526445	0.5628970553410383	0.6606669958463239	0.6280415656307142	0.6528793518266273	0.6359735619698595	0.6540840076668182	0.656655060999865	0.6492689444179758	0.6573797231405342	0.6550176507227816	0.6389092883829665	0.5991514082349698	0.5464237924935129	1.0224927229405387	0.9674067261443726	1.0977498745281484	0.9638876561531527	0.9626768665855369	0.9600992994339195	1.0738123579099734	1.0038087865724934	0.83056762518176	0.5881714205909706	0.0	1.3406744571298215	1.0404369178379627	0.5929797467030399	0.6378103166302747	0.5482905981320426	1.1996192542464175	1.0086370937768978	1.0143139409311988	0.8803110306295845	1.0583340187681107	0.8993276826436715	0.813172798364568	1.0443194846080366	0.6355475749304773	1.1015309437324907	1.0352043276571814	0.9878281733176747	1.1931719825742828	0.9898080723049975	1.2307900633334135	1.1967075164802161	1.1310880071860934	1.2797218525915308	0.87723667274008	1.2173550344908668	1.0204965066084988	
1.000386509555577	0.9306973175796868	0.9169247964264249	0.949142502527171	1.0154654940883552	1.0088574925596876	0.9094478176478847	0.9625920669159715	0.9845337505136608	0.995429579687715	0.9706175173558804	0.9815963272748893	0.990190503923532	1.0182363245745074	0.9624461286809426	0.9569837630774908	0.989323673580903	1.0289348587170486	0.6670101484141987	0.769654864244073	0.635045392324583	0.9312884215058767	0.9073890794187146	0.8910502594356143	0.951907148833392	0.7250672934287093	0.9847169034804534	1.1308051644736188	1.3406744571298215	0.0	0.5678067452927946	1.1904849768057735	1.2480434687943682	1.1743629421947175	0.32564655683977667	0.659144679333317	0.6374786440581972	0.7395410665593516	0.5615737029187149	0.739537970075648	1.2695395149424429	0.5401666023843903	1.2371540243640935	0.49073210614344787	0.5939696961967013	0.5740292849672373	0.2979747975919984	0.5948182243341252	0.2774687009375917	0.30716718574742213	0.5536646096690613	0.22811264761077818	0.8527707781110213	0.3051872867601001	0.5374011537017679	
0.9100749600128111	0.7596647506503174	0.7564242922272368	0.7928713371621695	0.8171425151513056	0.8064273722414913	0.7734837388502758	0.7938185293295702	0.8068416318346523	0.8176650082487729	0.7916099907455976	0.8008101832719792	0.807550186549425	0.8553218403089935	0.7947555098855847	0.7817975795407317	0.8206974425066504	0.794796474780417	0.7256621379580581	0.7398022799539502	0.7741634880216508	0.9562068109258255	0.9413926687169359	0.9253732533194776	0.8688928127220774	0.6132030006449786	0.7670694362311973	0.8478210306427146	1.0404369178379627	0.5678067452927946	0.0	0.8779437795212667	0.9878281733176747	0.8872775890329307	0.5723165816582524	0.6986559001167729	0.7160326301727551	0.6910125605682955	0.6307826588758011	0.7046660401957207	1.0441138731001334	0.6273332263301767	0.9741103017626535	0.4891764712248372	0.5580486717124186	0.46838753185794924	0.5258046024903066	0.5183092706097279	0.5173193211160666	0.4500027555470959	0.5389567886203785	0.5014801292174852	0.6663774305902159	0.4797012403569359	0.5003487583675865	
0.823558292029895	0.5686924777832543	0.5904506658039586	0.6207733761900333	0.5757903939595012	0.5675617238789068	0.629026677447967	0.609119191071277	0.6038913782756515	0.5773451591377322	0.60847878811949	0.5942070070068717	0.6102319662154857	0.614724619995211	0.61391111315385	0.5947440877367958	0.5954554786221472	0.4814987313535381	0.9598613904739987	0.8964014984396615	1.0321791412048935	0.9878604211526033	0.9833364782106597	0.9744764681862771	0.9292797318354187	0.8471139238615281	0.7178548042606053	0.5518261320379759	0.5929797467030399	1.1904849768057735	0.8779437795212667	0.0	0.6625590539718079	0.5407952662514639	1.068758178637187	0.9320305227437011	0.924092863097175	0.7708175669581555	0.9527920068127858	0.8102433764620575	0.7896968532291707	0.9401959977174472	0.6358304176429519	0.9446946596652881	0.8588518964292267	0.806384573265176	1.0296888947639253	0.8217995010950453	1.0729638297725494	1.0285575239140268	0.971423295994144	1.1310880071860934	0.7213903381665386	1.0627814921234615	0.8533364635359707	
0.8599897933544395	0.6783188678710407	0.6895117693740944	0.7112263017768233	0.6766233020726209	0.6700044092426798	0.7238428230146692	0.6998103929203984	0.6648691318986509	0.6649059542585188	0.6787256057914685	0.6748008504510812	0.6769053312031791	0.6816177062840697	0.669794124130789	0.6722332086975145	0.6990476766616183	0.6298002516968252	0.9724799179936584	0.913998302786927	1.0505116198441078	0.9819458368531463	0.9750172569344572	0.9666758798208335	1.000697516735272	0.9848583248366908	0.8284463048382	0.6745798692519813	0.6378103166302747	1.2480434687943682	0.9878281733176747	0.6625590539718079	0.0	0.6816509370638479	1.1165226376643151	0.9563871658292428	0.9697380698844942	0.8412119313261144	0.9920400056682178	0.856375241049739	0.7943637579850027	0.9725642544613052	0.683347993338696	1.0262947822142294	0.9871210665364881	0.9451189237340001	1.1104404891754427	0.9326738443851147	1.1569681153775255	1.1242997820867016	1.0731052511287869	1.197838887330115	0.8541849916733947	1.1330679061734161	0.9799085773683841	
0.8207346284430871	0.5574964188331248	0.590857076895106	0.6253256522446429	0.5507574273670146	0.5268820350488452	0.607567684950155	0.5953696089279501	0.6144073279232876	0.6018081933884175	0.608938453951717	0.6052697497689709	0.6080055336903418	0.6277725554292936	0.6139152305764946	0.5905483673484067	0.5805123253766893	0.4965404200724309	0.9656301583984578	0.9048955812467526	1.0342919730006597	0.9673104661273876	0.9648513778752941	0.9571089473242546	0.9882524373863867	0.8643673293224827	0.702864140499448	0.5280673441901039	0.5482905981320426	1.1743629421947175	0.8872775890329307	0.5407952662514639	0.6816509370638479	0.0	1.0672380567748323	0.9362820450052408	0.9458292678921942	0.7795613215167733	0.959037587513877	0.8267412999311002	0.806384573265176	0.947511510635693	0.6553465648037039	0.9291383104791814	0.8803479425773013	0.839477170624712	1.0366185412195548	0.8482452947114267	1.0533062612555602	1.0364771198633174	0.9857068529741148	1.1158145007124614	0.731714097171864	1.0448209798813202	0.8720040825592987	
0.7924278196860712	0.7538768215092609	0.7351736771315189	0.7584944660854366	0.8331880006622651	0.8318706928985177	0.725921473377063	0.773732737505122	0.8042745224295953	0.8155592876002976	0.7873221400896254	0.8006066806885204	0.8054438932895901	0.8313651274811505	0.7767623035925586	0.7730192197940187	0.8029785611918854	0.8596012450414735	0.44616156354903025	0.5525370788668171	0.469738005010443	0.7500310396021564	0.7267437180619594	0.7063375693187036	0.8920510451894572	0.7021148842925833	0.8899321585287953	1.0218603268702457	1.1996192542464175	0.32564655683977667	0.5723165816582524	1.068758178637187	1.1165226376643151	1.0672380567748323	0.0	0.44931808672450907	0.44294719592306636	0.5399757663363238	0.359322769507326	0.5281263646723446	1.13755694054532	0.35213028598543034	1.1089981852953437	0.530273118090678	0.5866972695263091	0.583729816787465	0.42309255487918873	0.6116659118103914	0.4006804348439408	0.3987096646864188	0.5747305157986079	0.3514245490059981	0.7874661200727401	0.40029422548674826	0.5594725034745005	
0.5610805776031622	0.578093930843473	0.5463607949786439	0.5475306776132222	0.6267009843415694	0.6341396307344875	0.541837340976842	0.5594952906680319	0.6028157311326989	0.6130579365455302	0.5871820468764183	0.6007627193456918	0.5990785048914097	0.607614368428863	0.5751725913810672	0.5731491339110177	0.594898222194273	0.6690389398286938	0.3647678500962686	0.3811709463043417	0.4326324308162373	0.5586255493621568	0.5373633239412017	0.5168923926083491	0.84462281766003	0.7707951276179863	0.8417389228459142	0.9012370202943519	1.0086370937768978	0.659144679333317	0.6986559001167729	0.9320305227437011	0.9563871658292428	0.9362820450052408	0.44931808672450907	0.0	0.3766372243818073	0.44147720925824463	0.3563751911041921	0.3894234487213645	0.9599740511313355	0.36174617000012366	0.9540283061788682	0.6939303662659255	0.7074239263899265	0.7145272450650482	0.6861213346050028	0.7140955246367181	0.6689291661230533	0.6446527602527399	0.7052648422625963	0.6486037515300755	0.7830606255425324	0.6522923649083169	0.708568333358114	
0.5634274148374713	0.5795647853215309	0.5555512685177301	0.5355457130390306	0.6324915180316201	0.6431610711516175	0.5394560304351053	0.5693755030697666	0.6054178691145861	0.6112163663529632	0.5808742876940104	0.6021546851710199	0.591597534302214	0.6107455572077589	0.5751155967527899	0.5807113525676166	0.5929646430845477	0.6762096228677003	0.3735528617760643	0.4198111416328461	0.4239550989229779	0.5400096429501791	0.5206177800040312	0.4953310145112089	0.8828429718066203	0.7805796651051891	0.8584703814091932	0.9201702497558174	1.0143139409311988	0.6374786440581972	0.7160326301727551	0.924092863097175	0.9697380698844942	0.9458292678921942	0.44294719592306636	0.3766372243818073	0.0	0.46294648489179946	0.37222332656468005	0.392182287598677	0.9988835417528504	0.3666068639786543	0.9648858884701771	0.7040049058247575	0.7252813004345129	0.708667554930062	0.659335599648791	0.7259822452454553	0.6490484182047139	0.6493146883879503	0.7330454900941672	0.6464620025938583	0.796925666413599	0.6541579603402566	0.7006909171525346	
0.5550307469103272	0.43365611285582306	0.43097837208375595	0.43573469259415143	0.4921101562443692	0.4961771448171855	0.43339343440820977	0.45917318540414925	0.4784019679987604	0.49168904113280015	0.4563830715954774	0.4667644856343324	0.4696748171865999	0.49885382489667607	0.4564533773232772	0.4393231465579935	0.4791464554271112	0.4968503970286961	0.49906722056051583	0.4703686197312915	0.5507424892597237	0.6183517578905552	0.6050958165480189	0.582370661882271	0.8687620956331744	0.7169027309909989	0.7315889912126936	0.7411088758435136	0.8803110306295845	0.7395410665593516	0.6910125605682955	0.7708175669581555	0.8412119313261144	0.7795613215167733	0.5399757663363238	0.44147720925824463	0.46294648489179946	0.0	0.4394721601166536	0.35732365152078754	0.8981994928284368	0.42371177081694367	0.8347739398272972	0.6853376872761362	0.6734341652816433	0.6847002254908585	0.7119789114671256	0.6905392137139611	0.6983984235553581	0.696005978064185	0.7419067118056206	0.7076699059522865	0.7098619717238333	0.6829073179706776	0.6774550344948178	
