0.0	1.752090764470447	1.909146732405352	1.7974206525924474	1.7376419609574405	1.731839673916797	1.7570837069352747	1.6971166653580783	2.1219223674413903	2.0738932134123864	1.8457472992087451	1.9335756308443626	1.6290850525565168	2.0877342352181056	1.904949110057671	1.8717730830316222	1.7511500641102895	1.7059241685097917	2.4582584714681524	2.3368528166952696	4.478542587970804	4.849796132405522	4.874169775949882	4.825058086098415	4.09100897055234e+17	3.5761200658912e+17	3.843459456382115e+17	1.5909884501973933e+17	1.7032898975836614e+17	4.288217616107755e+17	3.836095414193675e+17	3.675058666775049e+17	1.4354265536072235e+17	1.5169920347218477e+17	2.9008507448978826	2.483338960925056	2.8415563049231793	2.4875339384847686	2.615516321308469	2.553192948406619	1.495065935169537e+17	2.4993005169637192	1.3752359232917786e+17	3.948171739565589e+17	4.1924025167684454e+17	3.8380324407391635e+17	4.12273961198351e+17	3.953506816145806e+17	4.35682932163248e+17	4.319609975818341e+17	4.8772310649981184e+17	4.2246428304024134e+17	4.1967143281662803e+17	4.299721672215599e+17	3.741875845102403e+17	
1.752090764470447	0.0	1.9469641024429827	1.8628357591379212	1.8798430070588088	1.8178810369891194	1.8355906827468875	1.6676026928327334	2.1045000762015076	2.144368526284557	1.89028427373527	1.9541631756824227	1.9059940580961903	2.151947531174108	1.875159639772286	1.9425077614608068	1.850622964584202	1.7920550955998464	2.3148179692247965	2.365530350050755	4.368708601432371	4.821488426231495	4.825344625571193	4.787762778244894	4.09100897055234e+17	3.5761200658912e+17	3.843459456382115e+17	1.5909884501973933e+17	1.7032898975836614e+17	4.288217616107755e+17	3.836095414193675e+17	3.675058666775049e+17	1.4354265536072235e+17	1.5169920347218477e+17	2.7370087762378903	2.4175062818258004	2.724333491761207	2.530699992225855	2.5459601454104637	2.487883821284708	1.495065935169537e+17	2.4675116714012693	1.3752359232917786e+17	3.948171739565589e+17	4.1924025167684454e+17	3.8380324407391635e+17	4.12273961198351e+17	3.953506816145806e+17	4.35682932163248e+17	4.319609975818341e+17	4.8772310649981184e+17	4.2246428304024134e+17	4.1967143281662803e+17	4.299721672215599e+17	3.741875845102403e+17	
1.909146732405352	1.9469641024429827	0.0	2.0176660667371995	1.8738098780619628	2.0944771724947913	1.7857866638659008	1.8362469355389865	2.1015468986653065	2.170824022305396	2.009606554772844	2.0813324593001066	2.050790262264623	2.1332038998489704	1.9402931593169432	2.0117703798577553	1.9309945441809189	1.964041493302956	2.42187576946591	2.4141278238999857	4.5116010275945	4.967419566759767	4.969413608051254	4.918583705233447	4.09100897055234e+17	3.5761200658912e+17	3.843459456382115e+17	1.5909884501973933e+17	1.7032898975836614e+17	4.288217616107755e+17	3.836095414193675e+17	3.675058666775049e+17	1.4354265536072235e+17	1.5169920347218477e+17	2.8978886178966685	2.507607700063604	2.8631496148136915	2.517027634128677	2.555263968081624	2.617902230566077	1.495065935169537e+17	2.4303131269505536	1.3752359232917786e+17	3.948171739565589e+17	4.1924025167684454e+17	3.8380324407391635e+17	4.12273961198351e+17	3.953506816145806e+17	4.35682932163248e+17	4.319609975818341e+17	4.8772310649981184e+17	4.2246428304024134e+17	4.1967143281662803e+17	4.299721672215599e+17	3.741875845102403e+17	
1.7974206525924474	1.8628357591379212	2.0176660667371995	0.0	1.8729023325194878	1.9466461661440877	1.9482007362363278	1.795966780621749	2.08075314477413	2.176048337233985	1.9822118927937342	2.0590865123153974	1.9108877653028296	2.157470471045689	1.9637701340495788	1.9892835140895762	1.899562936084107	1.9043158247152343	2.4940992443760717	2.391007544482865	4.567047553648791	4.934629153632212	4.950972464363289	4.921938457289474	4.09100897055234e+17	3.5761200658912e+17	3.843459456382115e+17	1.5909884501973933e+17	1.7032898975836614e+17	4.288217616107755e+17	3.836095414193675e+17	3.675058666775049e+17	1.4354265536072235e+17	1.5169920347218477e+17	2.9500353555137075	2.5084908089702176	2.928639520183328	2.5247577339762333	2.6633856074420366	2.5323918149305715	1.495065935169537e+17	2.548208668287804	1.3752359232917786e+17	3.948171739565589e+17	4.1924025167684454e+17	3.8380324407391635e+17	4.12273961198351e+17	3.953506816145806e+17	4.35682932163248e+17	4.319609975818341e+17	4.8772310649981184e+17	4.2246428304024134e+17	4.1967143281662803e+17	4.299721672215599e+17	3.741875845102403e+17	
1.7376419609574405	1.8798430070588088	1.8738098780619628	1.8729023325194878	0.0	1.8380762092091423	1.92309257089116	1.748324098507116	2.0511543881498224	2.07395047778664	1.8848815196288187	2.027562623331362	1.904273504821225	2.069124592850395	1.9110482072579722	1.8635173410172698	1.8274007010028979	1.7562324934796063	2.549327783083953	2.4148597083744674	4.7139807974716685	5.037408760693183	5.05986898614634	5.031445935163799	4.09100897055234e+17	3.5761200658912e+17	3.843459456382115e+17	1.5909884501973933e+17	1.7032898975836614e+17	4.288217616107755e+17	3.836095414193675e+17	3.675058666775049e+17	1.4354265536072235e+17	1.5169920347218477e+17	3.000402104265949	2.522079853291423	2.974016179553492	2.4834441708815262	2.641527979293519	2.5473140524278834	1.495065935169537e+17	2.5355771168778496	1.3752359232917786e+17	3.948171739565589e+17	4.1924025167684454e+17	3.8380324407391635e+17	4.12273961198351e+17	3.953506816145806e+17	4.35682932163248e+17	4.319609975818341e+17	4.8772310649981184e+17	4.2246428304024134e+17	4.1967143281662803e+17	4.299721672215599e+17	3.741875845102403e+17	
1.731839673916797	1.8178810369891194	2.0944771724947913	1.9466461661440877	1.8380762092091423	0.0	1.9397824462078221	1.8241785685170557	2.1883592733459634	2.1364309998977378	1.8971815753690906	2.038852682352388	1.8955990225774388	2.156186295704867	2.009375304947309	1.9300369316071393	1.7983621011242645	1.8211766893680106	2.6048286605818634	2.4313875487004077	4.668284487400319	5.007869621241694	5.035172945455476	4.999434114269957	4.09100897055234e+17	3.5761200658912e+17	3.843459456382115e+17	1.5909884501973933e+17	1.7032898975836614e+17	4.288217616107755e+17	3.836095414193675e+17	3.675058666775049e+17	1.4354265536072235e+17	1.5169920347218477e+17	2.973804566918931	2.5383122460891476	2.948457329490852	2.511886006561063	2.6970071698054237	2.577394913653354	1.495065935169537e+17	2.6177454008075505	1.3752359232917786e+17	3.948171739565589e+17	4.1924025167684454e+17	3.8380324407391635e+17	4.12273961198351e+17	3.953506816145806e+17	4.35682932163248e+17	4.319609975818341e+17	4.8772310649981184e+17	4.2246428304024134e+17	4.1967143281662803e+17	4.299721672215599e+17	3.741875845102403e+17	
1.7570837069352747	1.8355906827468875	1.7857866638659008	1.9482007362363278	1.92309257089116	1.9397824462078221	0.0	1.8166857512642676	2.1363006616427747	2.1497461164995606	1.9089988953057837	2.0056425896103622	1.9415836210250086	2.1380767624729957	1.9183426756700515	1.9388319852711797	1.8255292015982358	1.8519493195952101	2.4095382573284723	2.446457538826267	4.478914221676395	4.923644605655976	4.941062944708001	4.88722404629253	4.09100897055234e+17	3.5761200658912e+17	3.843459456382115e+17	1.5909884501973933e+17	1.7032898975836614e+17	4.288217616107755e+17	3.836095414193675e+17	3.675058666775049e+17	1.4354265536072235e+17	1.5169920347218477e+17	2.807024817832692	2.465308070772465	2.7185465985552097	2.543294872780078	2.6359524324060972	2.575514902001178	1.495065935169537e+17	2.5105720442042467	1.3752359232917786e+17	3.948171739565589e+17	4.1924025167684454e+17	3.8380324407391635e+17	4.12273961198351e+17	3.953506816145806e+17	4.35682932163248e+17	4.319609975818341e+17	4.8772310649981184e+17	4.2246428304024134e+17	4.1967143281662803e+17	4.299721672215599e+17	3.741875845102403e+17	
1.6971166653580783	1.6676026928327334	1.8362469355389865	1.795966780621749	1.748324098507116	1.8241785685170557	1.8166857512642676	0.0	2.0511310012438417	2.077332013551128	1.8988604249668537	2.0132468935547085	1.8811446240081802	2.0609058791487134	1.8604214943009152	1.8688406337682637	1.7885407576704533	1.7483585244238347	2.3525738052430434	2.3432935804140262	4.368597416626751	4.756323097513393	4.759395201650895	4.735405015598258	4.09100897055234e+17	3.5761200658912e+17	3.843459456382115e+17	1.5909884501973933e+17	1.7032898975836614e+17	4.288217616107755e+17	3.836095414193675e+17	3.675058666775049e+17	1.4354265536072235e+17	1.5169920347218477e+17	2.8570813039144274	2.440838922814477	2.8650214184242087	2.530258543295618	2.5204502082036355	2.500367188250454	1.495065935169537e+17	2.4798589348700117	1.3752359232917786e+17	3.948171739565589e+17	4.1924025167684454e+17	3.8380324407391635e+17	4.12273961198351e+17	3.953506816145806e+17	4.35682932163248e+17	4.319609975818341e+17	4.8772310649981184e+17	4.2246428304024134e+17	4.1967143281662803e+17	4.299721672215599e+17	3.741875845102403e+17	
2.1219223674413903	2.1045000762015076	2.1015468986653065	2.08075314477413	2.0511543881498224	2.1883592733459634	2.1363006616427747	2.0511310012438417	0.0	2.1926314320086555	1.980931851518364	2.0885513000329516	1.9843143967002908	2.162238437433825	1.8871864109299292	2.0235530670163078	2.096632658853617	2.0645092088429595	2.5118101918978715	2.4461471231306366	4.815784962826419	5.358541995738949	5.393565276156993	5.344295943442707	4.09100897055234e+17	3.5761200658912e+17	3.843459456382115e+17	1.5909884501973933e+17	1.7032898975836614e+17	4.288217616107755e+17	3.836095414193675e+17	3.675058666775049e+17	1.4354265536072235e+17	1.5169920347218477e+17	2.948179066810489	2.5759355515484295	2.988442570610555	2.5336080015324356	2.6938060672610717	2.5968018733552705	1.495065935169537e+17	2.5176478474731123	1.3752359232917786e+17	3.948171739565589e+17	4.1924025167684454e+17	3.8380324407391635e+17	4.12273961198351e+17	3.953506816145806e+17	4.35682932163248e+17	4.319609975818341e+17	4.8772310649981184e+17	4.2246428304024134e+17	4.1967143281662803e+17	4.299721672215599e+17	3.741875845102403e+17	
2.0738932134123864	2.144368526284557	2.170824022305396	2.176048337233985	2.07395047778664	2.1364309998977378	2.1497461164995606	2.077332013551128	2.1926314320086555	0.0	2.0465149369639013	2.0229726209470993	2.114121418721463	1.8939438335416965	2.0303696144001657	1.997979014907023	2.0824538033760267	2.1284037684181616	2.6620967861975093	2.664160741626155	4.746238047743626	5.114388738618293	5.122533606261334	5.104346606710357	4.09100897055234e+17	3.5761200658912e+17	3.843459456382115e+17	1.5909884501973933e+17	1.7032898975836614e+17	4.288217616107755e+17	3.836095414193675e+17	3.675058666775049e+17	1.4354265536072235e+17	1.5169920347218477e+17	3.049843753925495	2.692811181012735	3.041381515819547	2.7332599215071274	2.7590261339696727	2.7009043658100937	1.495065935169537e+17	2.7234344522839007	1.3752359232917786e+17	3.948171739565589e+17	4.1924025167684454e+17	3.8380324407391635e+17	4.12273961198351e+17	3.953506816145806e+17	4.35682932163248e+17	4.319609975818341e+17	4.8772310649981184e+17	4.2246428304024134e+17	4.1967143281662803e+17	4.299721672215599e+17	3.741875845102403e+17	
1.8457472992087451	1.89028427373527	2.009606554772844	1.9822118927937342	1.8848815196288187	1.8971815753690906	1.9089988953057837	1.8988604249668537	1.980931851518364	2.0465149369639013	0.0	1.94525458372912	1.7500547582612807	2.061264426431212	1.644456145851269	1.7961593374720497	1.8428111712163162	1.8530483205463955	2.5053682455958315	2.4881263545557317	4.630578006062871	5.014183789017152	5.0303952676951145	4.994349814464102	4.09100897055234e+17	3.5761200658912e+17	3.843459456382115e+17	1.5909884501973933e+17	1.7032898975836614e+17	4.288217616107755e+17	3.836095414193675e+17	3.675058666775049e+17	1.4354265536072235e+17	1.5169920347218477e+17	2.899140004362164	2.490849973491557	2.811943886255638	2.479368485655944	2.6924221723430626	2.566801679720311	1.495065935169537e+17	2.578929399432619	1.3752359232917786e+17	3.948171739565589e+17	4.1924025167684454e+17	3.8380324407391635e+17	4.12273961198351e+17	3.953506816145806e+17	4.35682932163248e+17	4.319609975818341e+17	4.8772310649981184e+17	4.2246428304024134e+17	4.1967143281662803e+17	4.299721672215599e+17	3.741875845102403e+17	
1.9335756308443626	1.9541631756824227	2.0813324593001066	2.0590865123153974	2.027562623331362	2.038852682352388	2.0056425896103622	2.0132468935547085	2.0885513000329516	2.0229726209470993	1.94525458372912	0.0	1.9537929978634472	2.0279886802187397	1.9611365325307193	1.8924796885833264	2.0401100497278923	1.9964883819109083	2.5515352344426776	2.5466873614636834	4.656796155148347	5.052147015140228	5.067414656156794	5.012912370836067	4.09100897055234e+17	3.5761200658912e+17	3.843459456382115e+17	1.5909884501973933e+17	1.7032898975836614e+17	4.288217616107755e+17	3.836095414193675e+17	3.675058666775049e+17	1.4354265536072235e+17	1.5169920347218477e+17	2.9149679930190295	2.5954537210893855	2.902802712967179	2.6024633708670617	2.7121699774803174	2.6709400621747212	1.495065935169537e+17	2.610319914418862	1.3752359232917786e+17	3.948171739565589e+17	4.1924025167684454e+17	3.8380324407391635e+17	4.12273961198351e+17	3.953506816145806e+17	4.35682932163248e+17	4.319609975818341e+17	4.8772310649981184e+17	4.2246428304024134e+17	4.1967143281662803e+17	4.299721672215599e+17	3.741875845102403e+17	
1.6290850525565168	1.9059940580961903	2.050790262264623	1.9108877653028296	1.904273504821225	1.8955990225774388	1.9415836210250086	1.8811446240081802	1.9843143967002908	2.114121418721463	1.7500547582612807	1.9537929978634472	0.0	2.0956011949009032	1.7830275904593644	1.882896786278623	1.9163901606023763	1.869926844994959	2.5702840229201107	2.3933176529911093	4.549995205943622	4.920930662937649	4.96111078984329	4.899485255202695	4.09100897055234e+17	3.5761200658912e+17	3.843459456382115e+17	1.5909884501973933e+17	1.7032898975836614e+17	4.288217616107755e+17	3.836095414193675e+17	3.675058666775049e+17	1.4354265536072235e+17	1.5169920347218477e+17	3.0253598256917784	2.598972950217342	2.922662851599758	2.508422935340165	2.721501774438035	2.6289513908587336	1.495065935169537e+17	2.5552357059170956	1.3752359232917786e+17	3.948171739565589e+17	4.1924025167684454e+17	3.8380324407391635e+17	4.12273961198351e+17	3.953506816145806e+17	4.35682932163248e+17	4.319609975818341e+17	4.8772310649981184e+17	4.2246428304024134e+17	4.1967143281662803e+17	4.299721672215599e+17	3.741875845102403e+17	
2.0877342352181056	2.151947531174108	2.1332038998489704	2.157470471045689	2.069124592850395	2.156186295704867	2.1380767624729957	2.0609058791487134	2.162238437433825	1.8939438335416965	2.061264426431212	2.0279886802187397	2.0956011949009032	0.0	2.03143294031064	1.9636778118237823	2.084407996765564	2.0857742987588765	2.69872598616178	2.554289023367729	4.568590837179011	4.94182658746184	4.969544774534554	4.906816818579098	4.09100897055234e+17	3.5761200658912e+17	3.843459456382115e+17	1.5909884501973933e+17	1.7032898975836614e+17	4.288217616107755e+17	3.836095414193675e+17	3.675058666775049e+17	1.4354265536072235e+17	1.5169920347218477e+17	3.175713792019265	2.7289402199436625	3.1239070979515433	2.6443401025176083	2.830508812060566	2.831357676580458	1.495065935169537e+17	2.694974063590801	1.3752359232917786e+17	3.948171739565589e+17	4.1924025167684454e+17	3.8380324407391635e+17	4.12273961198351e+17	3.953506816145806e+17	4.35682932163248e+17	4.319609975818341e+17	4.8772310649981184e+17	4.2246428304024134e+17	4.1967143281662803e+17	4.299721672215599e+17	3.741875845102403e+17	
1.904949110057671	1.875159639772286	1.9402931593169432	1.9637701340495788	1.9110482072579722	2.009375304947309	1.9183426756700515	1.8604214943009152	1.8871864109299292	2.0303696144001657	1.644456145851269	1.9611365325307193	1.7830275904593644	2.03143294031064	0.0	1.7893023651341617	1.8671418265061068	1.8556483077280697	2.2997020687858414	2.4416748085813578	4.538782940701798	5.005017037284626	5.0129478690644165	4.985930487600162	4.09100897055234e+17	3.5761200658912e+17	3.843459456382115e+17	1.5909884501973933e+17	1.7032898975836614e+17	4.288217616107755e+17	3.836095414193675e+17	3.675058666775049e+17	1.4354265536072235e+17	1.5169920347218477e+17	2.785192755384818	2.430052598800572	2.764297933840727	2.493945794296252	2.5873492651947405	2.5103731214679916	1.495065935169537e+17	2.4777090073162173	1.3752359232917786e+17	3.948171739565589e+17	4.1924025167684454e+17	3.8380324407391635e+17	4.12273961198351e+17	3.953506816145806e+17	4.35682932163248e+17	4.319609975818341e+17	4.8772310649981184e+17	4.2246428304024134e+17	4.1967143281662803e+17	4.299721672215599e+17	3.741875845102403e+17	
1.8717730830316222	1.9425077614608068	2.0117703798577553	1.9892835140895762	1.8635173410172698	1.9300369316071393	1.9388319852711797	1.8688406337682637	2.0235530670163078	1.997979014907023	1.7961593374720497	1.8924796885833264	1.882896786278623	1.9636778118237823	1.7893023651341617	0.0	1.8520204127050903	1.7103707428744424	2.5412738744951353	2.5093410045214117	4.633830594019933	4.9401201937720325	4.970980046004186	4.931383622807935	4.09100897055234e+17	3.5761200658912e+17	3.843459456382115e+17	1.5909884501973933e+17	1.7032898975836614e+17	4.288217616107755e+17	3.836095414193675e+17	3.675058666775049e+17	1.4354265536072235e+17	1.5169920347218477e+17	2.9715057624156596	2.5447282378277225	2.9345465883654995	2.516098931883133	2.7021144926006047	2.614100546377774	1.495065935169537e+17	2.6039712794768994	1.3752359232917786e+17	3.948171739565589e+17	4.1924025167684454e+17	3.8380324407391635e+17	4.12273961198351e+17	3.953506816145806e+17	4.35682932163248e+17	4.319609975818341e+17	4.8772310649981184e+17	4.2246428304024134e+17	4.1967143281662803e+17	4.299721672215599e+17	3.741875845102403e+17	
1.7511500641102895	1.850622964584202	1.9309945441809189	1.899562936084107	1.8274007010028979	1.7983621011242645	1.8255292015982358	1.7885407576704533	2.096632658853617	2.0824538033760267	1.8428111712163162	2.0401100497278923	1.9163901606023763	2.084407996765564	1.8671418265061068	1.8520204127050903	0.0	1.8304682187422305	2.482689303981837	2.431937438124399	4.573698686847459	4.912196538279291	4.932433715739155	4.906068736937412	4.09100897055234e+17	3.5761200658912e+17	3.843459456382115e+17	1.5909884501973933e+17	1.7032898975836614e+17	4.288217616107755e+17	3.836095414193675e+17	3.675058666775049e+17	1.4354265536072235e+17	1.5169920347218477e+17	2.90659580492069	2.456849354851817	2.8434462200636306	2.4933510682845133	2.6769196119277487	2.5595350730143993	1.495065935169537e+17	2.57267030877021	1.3752359232917786e+17	3.948171739565589e+17	4.1924025167684454e+17	3.8380324407391635e+17	4.12273961198351e+17	3.953506816145806e+17	4.35682932163248e+17	4.319609975818341e+17	4.8772310649981184e+17	4.2246428304024134e+17	4.1967143281662803e+17	4.299721672215599e+17	3.741875845102403e+17	
1.7059241685097917	1.7920550955998464	1.964041493302956	1.9043158247152343	1.7562324934796063	1.8211766893680106	1.8519493195952101	1.7483585244238347	2.0645092088429595	2.1284037684181616	1.8530483205463955	1.9964883819109083	1.869926844994959	2.0857742987588765	1.8556483077280697	1.7103707428744424	1.8304682187422305	0.0	2.4327245157420077	2.405768193296706	4.577892148522256	4.975841096158553	5.002975059006634	4.95226448026652	4.09100897055234e+17	3.5761200658912e+17	3.843459456382115e+17	1.5909884501973933e+17	1.7032898975836614e+17	4.288217616107755e+17	3.836095414193675e+17	3.675058666775049e+17	1.4354265536072235e+17	1.5169920347218477e+17	2.8666302676130897	2.4244814869842557	2.83976649812352	2.4585432103195584	2.6077121766642466	2.5246865745951736	1.495065935169537e+17	2.5175706568888607	1.3752359232917786e+17	3.948171739565589e+17	4.1924025167684454e+17	3.8380324407391635e+17	4.12273961198351e+17	3.953506816145806e+17	4.35682932163248e+17	4.319609975818341e+17	4.8772310649981184e+17	4.2246428304024134e+17	4.1967143281662803e+17	4.299721672215599e+17	3.741875845102403e+17	
2.4582584714681524	2.3148179692247965	2.42187576946591	2.4940992443760717	2.549327783083953	2.6048286605818634	2.4095382573284723	2.3525738052430434	2.5118101918978715	2.6620967861975093	2.5053682455958315	2.5515352344426776	2.5702840229201107	2.69872598616178	2.2997020687858414	2.5412738744951353	2.482689303981837	2.4327245157420077	0.0	2.387766287948371	4.447862862570709	5.302845697201016	5.288429927893006	5.256905987212659	4.09100897055234e+17	3.5761200658912e+17	3.843459456382115e+17	1.5909884501973933e+17	1.7032898975836614e+17	4.288217616107755e+17	3.836095414193675e+17	3.675058666775049e+17	1.4354265536072235e+17	1.5169920347218477e+17	2.246006323349193	2.305477585665767	2.5461743038927134	2.697875864114441	2.3794700647799103	2.5021709147050637	1.495065935169537e+17	2.2931158253183694	1.3752359232917786e+17	3.948171739565589e+17	4.1924025167684454e+17	3.8380324407391635e+17	4.12273961198351e+17	3.953506816145806e+17	4.35682932163248e+17	4.319609975818341e+17	4.8772310649981184e+17	4.2246428304024134e+17	4.1967143281662803e+17	4.299721672215599e+17	3.741875845102403e+17	
2.3368528166952696	2.365530350050755	2.4141278238999857	2.391007544482865	2.4148597083744674	2.4313875487004077	2.446457538826267	2.3432935804140262	2.4461471231306366	2.664160741626155	2.4881263545557317	2.5466873614636834	2.3933176529911093	2.554289023367729	2.4416748085813578	2.5093410045214117	2.431937438124399	2.405768193296706	2.387766287948371	0.0	4.625827116696272	5.387193874009261	5.412407897799486	5.342958198156028	4.09100897055234e+17	3.5761200658912e+17	3.843459456382115e+17	1.5909884501973933e+17	1.7032898975836614e+17	4.288217616107755e+17	3.836095414193675e+17	3.675058666775049e+17	1.4354265536072235e+17	1.5169920347218477e+17	2.757950409067935	2.4091496670861234	2.876797987335579	2.4867469837632563	2.487207304173235	2.587509118042482	1.495065935169537e+17	2.005929896555028	1.3752359232917786e+17	3.948171739565589e+17	4.1924025167684454e+17	3.8380324407391635e+17	4.12273961198351e+17	3.953506816145806e+17	4.35682932163248e+17	4.319609975818341e+17	4.8772310649981184e+17	4.2246428304024134e+17	4.1967143281662803e+17	4.299721672215599e+17	3.741875845102403e+17	
4.478542587970804	4.368708601432371	4.5116010275945	4.567047553648791	4.7139807974716685	4.668284487400319	4.478914221676395	4.368597416626751	4.815784962826419	4.746238047743626	4.630578006062871	4.656796155148347	4.549995205943622	4.568590837179011	4.538782940701798	4.633830594019933	4.573698686847459	4.577892148522256	4.447862862570709	4.625827116696272	0.0	3.8586443719681855	3.825381532203892	3.706726391766743	4.09100897055234e+17	3.5761200658912e+17	3.843459456382115e+17	1.5909884501973933e+17	1.7032898975836614e+17	4.288217616107755e+17	3.836095414193675e+17	3.675058666775049e+17	1.4354265536072235e+17	1.5169920347218477e+17	5.10497922017535	4.840559796268826	4.765985667940551	5.104716402920348	4.906860185075723	5.024835159374465	1.495065935169537e+17	4.816470566123023	1.3752359232917786e+17	3.948171739565589e+17	4.1924025167684454e+17	3.8380324407391635e+17	4.12273961198351e+17	3.953506816145806e+17	4.35682932163248e+17	4.319609975818341e+17	4.8772310649981184e+17	4.2246428304024134e+17	4.1967143281662803e+17	4.299721672215599e+17	3.741875845102403e+17	
4.849796132405522	4.821488426231495	4.967419566759767	4.934629153632212	5.037408760693183	5.007869621241694	4.923644605655976	4.756323097513393	5.358541995738949	5.114388738618293	5.014183789017152	5.052147015140228	4.920930662937649	4.94182658746184	5.005017037284626	4.9401201937720325	4.912196538279291	4.975841096158553	5.302845697201016	5.387193874009261	3.8586443719681855	0.0	0.556849796166976	0.5787682257479767	4.09100897055234e+17	3.5761200658912e+17	3.843459456382115e+17	1.5909884501973933e+17	1.7032898975836614e+17	4.288217616107755e+17	3.836095414193675e+17	3.675058666775049e+17	1.4354265536072235e+17	1.5169920347218477e+17	6.0414517017209	5.631483481701556	5.639414609311487	5.817376848912372	5.786684972833808	5.746986314663208	1.495065935169537e+17	5.631625887102309	1.3752359232917786e+17	3.948171739565589e+17	4.1924025167684454e+17	3.8380324407391635e+17	4.12273961198351e+17	3.953506816145806e+17	4.35682932163248e+17	4.319609975818341e+17	4.8772310649981184e+17	4.2246428304024134e+17	4.1967143281662803e+17	4.299721672215599e+17	3.741875845102403e+17	
4.874169775949882	4.825344625571193	4.969413608051254	4.950972464363289	5.05986898614634	5.035172945455476	4.941062944708001	4.759395201650895	5.393565276156993	5.122533606261334	5.0303952676951145	5.067414656156794	4.96111078984329	4.969544774534554	5.0129478690644165	4.970980046004186	4.932433715739155	5.002975059006634	5.288429927893006	5.412407897799486	3.825381532203892	0.556849796166976	0.0	0.5611213008678536	4.09100897055234e+17	3.5761200658912e+17	3.843459456382115e+17	1.5909884501973933e+17	1.7032898975836614e+17	4.288217616107755e+17	3.836095414193675e+17	3.675058666775049e+17	1.4354265536072235e+17	1.5169920347218477e+17	6.011703391511952	5.619090959729583	5.631974250663685	5.852424819191875	5.756539988317552	5.726073351924733	1.495065935169537e+17	5.6496662731335014	1.3752359232917786e+17	3.948171739565589e+17	4.1924025167684454e+17	3.8380324407391635e+17	4.12273961198351e+17	3.953506816145806e+17	4.35682932163248e+17	4.319609975818341e+17	4.8772310649981184e+17	4.2246428304024134e+17	4.1967143281662803e+17	4.299721672215599e+17	3.741875845102403e+17	
4.825058086098415	4.787762778244894	4.918583705233447	4.921938457289474	5.031445935163799	4.999434114269957	4.88722404629253	4.735405015598258	5.344295943442707	5.104346606710357	4.994349814464102	5.012912370836067	4.899485255202695	4.906816818579098	4.985930487600162	4.931383622807935	4.906068736937412	4.95226448026652	5.256905987212659	5.342958198156028	3.706726391766743	0.5787682257479767	0.5611213008678536	0.0	4.09100897055234e+17	3.5761200658912e+17	3.843459456382115e+17	1.5909884501973933e+17	1.7032898975836614e+17	4.288217616107755e+17	3.836095414193675e+17	3.675058666775049e+17	1.4354265536072235e+17	1.5169920347218477e+17	5.99345497057807	5.593936585013989	5.57336358702515	5.783006432840449	5.732544320988512	5.72337720261218	1.495065935169537e+17	5.583127244541252	1.3752359232917786e+17	3.948171739565589e+17	4.1924025167684454e+17	3.8380324407391635e+17	4.12273961198351e+17	3.953506816145806e+17	4.35682932163248e+17	4.319609975818341e+17	4.8772310649981184e+17	4.2246428304024134e+17	4.1967143281662803e+17	4.299721672215599e+17	3.741875845102403e+17	
4.09100897055234e+17	4.09100897055234e+17	4.09100897055234e+17	4.09100897055234e+17	4.09100897055234e+17	4.09100897055234e+17	4.09100897055234e+17	4.09100897055234e+17	4.09100897055234e+17	4.09100897055234e+17	4.09100897055234e+17	4.09100897055234e+17	4.09100897055234e+17	4.09100897055234e+17	4.09100897055234e+17	4.09100897055234e+17	4.09100897055234e+17	4.09100897055234e+17	4.09100897055234e+17	4.09100897055234e+17	4.09100897055234e+17	4.09100897055234e+17	4.09100897055234e+17	4.09100897055234e+17	0.0	3.0206006495762285e+17	3.553882289115813e+17	3.453883279145255e+17	3.642525186990844e+17	2.9517575252987514e+17	2.74585994190658e+17	2.953577140563779e+17	3.6167487800780755e+17	3.6115410751100294e+17	4.09100897055234e+17	4.09100897055234e+17	4.09100897055234e+17	4.09100897055234e+17	4.09100897055234e+17	4.09100897055234e+17	3.3195358935558784e+17	4.09100897055234e+17	3.544881482955418e+17	2.887819003705459e+17	2.6009810716755494e+17	2.897566995262696e+17	3.305954783626488e+17	2.5977764821767674e+17	3.54856516808663e+17	2.753627817870912e+17	2.819292558864974e+17	2.8789935003959248e+17	2.6797554251469683e+17	2.8682025264609603e+17	2.5253311715711904e+17	
3.5761200658912e+17	3.5761200658912e+17	3.5761200658912e+17	3.5761200658912e+17	3.5761200658912e+17	3.5761200658912e+17	3.5761200658912e+17	3.5761200658912e+17	3.5761200658912e+17	3.5761200658912e+17	3.5761200658912e+17	3.5761200658912e+17	3.5761200658912e+17	3.5761200658912e+17	3.5761200658912e+17	3.5761200658912e+17	3.5761200658912e+17	3.5761200658912e+17	3.5761200658912e+17	3.5761200658912e+17	3.5761200658912e+17	3.5761200658912e+17	3.5761200658912e+17	3.5761200658912e+17	3.0206006495762285e+17	0.0	2.7226640956590346e+17	2.811457222241035e+17	3.013460998122991e+17	2.96293492308813e+17	2.3304490280424733e+17	2.6906698099273168e+17	3.108773383790737e+17	2.985964497186823e+17	3.5761200658912e+17	3.5761200658912e+17	3.5761200658912e+17	3.5761200658912e+17	3.5761200658912e+17	3.5761200658912e+17	3.046313651822537e+17	3.5761200658912e+17	3.0165721512292544e+17	2.410398583409188e+17	2.5776820071461107e+17	2.3019636578027216e+17	2.650117766658098e+17	2.3467564149880672e+17	2.6854566538912794e+17	2.62179825722909e+17	3.015093120337458e+17	2.5858832603137037e+17	2.3983333216502867e+17	2.556143899633118e+17	2.3043965374607424e+17	
3.843459456382115e+17	3.843459456382115e+17	3.843459456382115e+17	3.843459456382115e+17	3.843459456382115e+17	3.843459456382115e+17	3.843459456382115e+17	3.843459456382115e+17	3.843459456382115e+17	3.843459456382115e+17	3.843459456382115e+17	3.843459456382115e+17	3.843459456382115e+17	3.843459456382115e+17	3.843459456382115e+17	3.843459456382115e+17	3.843459456382115e+17	3.843459456382115e+17	3.843459456382115e+17	3.843459456382115e+17	3.843459456382115e+17	3.843459456382115e+17	3.843459456382115e+17	3.843459456382115e+17	3.553882289115813e+17	2.7226640956590346e+17	0.0	3.0155420930928634e+17	3.0774778455066195e+17	3.764693192101036e+17	2.940993390782534e+17	3.0539726495001715e+17	3.156848525820796e+17	3.0695566610181203e+17	3.843459456382115e+17	3.843459456382115e+17	3.843459456382115e+17	3.843459456382115e+17	3.843459456382115e+17	3.843459456382115e+17	3.18004935242224e+17	3.843459456382115e+17	3.088206142060051e+17	2.6089867789669152e+17	2.7357511215747334e+17	2.845625026655993e+17	3.4484012769360826e+17	2.8127332816969328e+17	3.2681634364056045e+17	3.295894608527058e+17	3.9770031790339923e+17	2.8648011258564963e+17	2.5517619959819555e+17	3.136551466121171e+17	2.5683196563341805e+17	
1.5909884501973933e+17	1.5909884501973933e+17	1.5909884501973933e+17	1.5909884501973933e+17	1.5909884501973933e+17	1.5909884501973933e+17	1.5909884501973933e+17	1.5909884501973933e+17	1.5909884501973933e+17	1.5909884501973933e+17	1.5909884501973933e+17	1.5909884501973933e+17	1.5909884501973933e+17	1.5909884501973933e+17	1.5909884501973933e+17	1.5909884501973933e+17	1.5909884501973933e+17	1.5909884501973933e+17	1.5909884501973933e+17	1.5909884501973933e+17	1.5909884501973933e+17	1.5909884501973933e+17	1.5909884501973933e+17	1.5909884501973933e+17	3.453883279145255e+17	2.811457222241035e+17	3.0155420930928634e+17	0.0	1.209235998463854e+17	3.743058358872381e+17	2.994252103173154e+17	2.709936848942625e+17	1.0932111357451979e+17	1.264708002104025e+17	1.5909884501973933e+17	1.5909884501973933e+17	1.5909884501973933e+17	1.5909884501973933e+17	1.5909884501973933e+17	1.5909884501973933e+17	1.3148574829490998e+17	1.5909884501973933e+17	1.1314583615513075e+17	3.166822800476818e+17	3.351573318906892e+17	3.0177481290603616e+17	3.5068072415820397e+17	3.1159344615057594e+17	3.6758621389415584e+17	3.489411883818674e+17	4.236797456275625e+17	3.480917728309405e+17	3.334065207985514e+17	3.539281515820948e+17	2.917938795677932e+17	
1.7032898975836614e+17	1.7032898975836614e+17	1.7032898975836614e+17	1.7032898975836614e+17	1.7032898975836614e+17	1.7032898975836614e+17	1.7032898975836614e+17	1.7032898975836614e+17	1.7032898975836614e+17	1.7032898975836614e+17	1.7032898975836614e+17	1.7032898975836614e+17	1.7032898975836614e+17	1.7032898975836614e+17	1.7032898975836614e+17	1.7032898975836614e+17	1.7032898975836614e+17	1.7032898975836614e+17	1.7032898975836614e+17	1.7032898975836614e+17	1.7032898975836614e+17	1.7032898975836614e+17	1.7032898975836614e+17	1.7032898975836614e+17	3.642525186990844e+17	3.013460998122991e+17	3.0774778455066195e+17	1.209235998463854e+17	0.0	4.1079475440087e+17	3.2514511705801414e+17	2.940758339081599e+17	1.1397486729642376e+17	1.4585899334077123e+17	1.7032898975836614e+17	1.7032898975836614e+17	1.7032898975836614e+17	1.7032898975836614e+17	1.7032898975836614e+17	1.7032898975836614e+17	1.3594182319830189e+17	1.7032898975836614e+17	1.2039657074041986e+17	3.453288260398426e+17	3.552087994076282e+17	3.253598401974086e+17	3.816716482884495e+17	3.356918937247012e+17	4.0039870967934957e+17	3.789569582163493e+17	4.525261986022871e+17	3.6758302655504525e+17	3.505297541503516e+17	3.823618338654678e+17	3.141905137256885e+17	
4.288217616107755e+17	4.288217616107755e+17	4.288217616107755e+17	4.288217616107755e+17	4.288217616107755e+17	4.288217616107755e+17	4.288217616107755e+17	4.288217616107755e+17	4.288217616107755e+17	4.288217616107755e+17	4.288217616107755e+17	4.288217616107755e+17	4.288217616107755e+17	4.288217616107755e+17	4.288217616107755e+17	4.288217616107755e+17	4.288217616107755e+17	4.288217616107755e+17	4.288217616107755e+17	4.288217616107755e+17	4.288217616107755e+17	4.288217616107755e+17	4.288217616107755e+17	4.288217616107755e+17	2.9517575252987514e+17	2.96293492308813e+17	3.764693192101036e+17	3.743058358872381e+17	4.1079475440087e+17	0.0	2.6900539877321962e+17	3.380527578650361e+17	4.054714743366743e+17	3.897600303803465e+17	4.288217616107755e+17	4.288217616107755e+17	4.288217616107755e+17	4.288217616107755e+17	4.288217616107755e+17	4.288217616107755e+17	3.949716464200377e+17	4.288217616107755e+17	3.976251564046158e+17	2.7377349419503274e+17	2.9002880707857606e+17	2.7008497026858128e+17	2.5465352089607574e+17	2.6865010190965114e+17	2.6300305492659206e+17	2.515948535573841e+17	2.689477401250624e+17	2.6360664855132064e+17	2.948607650927594e+17	2.3368110554324352e+17	2.627789104259858e+17	
3.836095414193675e+17	3.836095414193675e+17	3.836095414193675e+17	3.836095414193675e+17	3.836095414193675e+17	3.836095414193675e+17	3.836095414193675e+17	3.836095414193675e+17	3.836095414193675e+17	3.836095414193675e+17	3.836095414193675e+17	3.836095414193675e+17	3.836095414193675e+17	3.836095414193675e+17	3.836095414193675e+17	3.836095414193675e+17	3.836095414193675e+17	3.836095414193675e+17	3.836095414193675e+17	3.836095414193675e+17	3.836095414193675e+17	3.836095414193675e+17	3.836095414193675e+17	3.836095414193675e+17	2.74585994190658e+17	2.3304490280424733e+17	2.940993390782534e+17	2.994252103173154e+17	3.2514511705801414e+17	2.6900539877321962e+17	0.0	2.559500409744193e+17	3.314027983871874e+17	3.1923951931579046e+17	3.836095414193675e+17	3.836095414193675e+17	3.836095414193675e+17	3.836095414193675e+17	3.836095414193675e+17	3.836095414193675e+17	3.250211545611946e+17	3.836095414193675e+17	3.234654058271726e+17	2.299194694273205e+17	2.39197102483488e+17	1.9316346200944538e+17	2.67764197720334e+17	2.337763837127733e+17	2.4522784543581472e+17	2.2112219584475862e+17	2.707199514053399e+17	2.357240486528935e+17	2.2093852945289533e+17	2.171720121715365e+17	2.0752587015299373e+17	
3.675058666775049e+17	3.675058666775049e+17	3.675058666775049e+17	3.675058666775049e+17	3.675058666775049e+17	3.675058666775049e+17	3.675058666775049e+17	3.675058666775049e+17	3.675058666775049e+17	3.675058666775049e+17	3.675058666775049e+17	3.675058666775049e+17	3.675058666775049e+17	3.675058666775049e+17	3.675058666775049e+17	3.675058666775049e+17	3.675058666775049e+17	3.675058666775049e+17	3.675058666775049e+17	3.675058666775049e+17	3.675058666775049e+17	3.675058666775049e+17	3.675058666775049e+17	3.675058666775049e+17	2.953577140563779e+17	2.6906698099273168e+17	3.0539726495001715e+17	2.709936848942625e+17	2.940758339081599e+17	3.380527578650361e+17	2.559500409744193e+17	0.0	2.913742421201489e+17	2.958231750873978e+17	3.675058666775049e+17	3.675058666775049e+17	3.675058666775049e+17	3.675058666775049e+17	3.675058666775049e+17	3.675058666775049e+17	2.9418650720016877e+17	3.675058666775049e+17	2.8567187410911773e+17	2.730073558504488e+17	2.6497710620578022e+17	2.597168952213017e+17	3.074886197557988e+17	2.6508205251322064e+17	3.119579064220841e+17	2.898594708956187e+17	3.6111426908842976e+17	3.171278898982148e+17	2.7119465723924054e+17	2.8569606551636842e+17	2.419461061029213e+17	
1.4354265536072235e+17	1.4354265536072235e+17	1.4354265536072235e+17	1.4354265536072235e+17	1.4354265536072235e+17	1.4354265536072235e+17	1.4354265536072235e+17	1.4354265536072235e+17	1.4354265536072235e+17	1.4354265536072235e+17	1.4354265536072235e+17	1.4354265536072235e+17	1.4354265536072235e+17	1.4354265536072235e+17	1.4354265536072235e+17	1.4354265536072235e+17	1.4354265536072235e+17	1.4354265536072235e+17	1.4354265536072235e+17	1.4354265536072235e+17	1.4354265536072235e+17	1.4354265536072235e+17	1.4354265536072235e+17	1.4354265536072235e+17	3.6167487800780755e+17	3.108773383790737e+17	3.156848525820796e+17	1.0932111357451979e+17	1.1397486729642376e+17	4.054714743366743e+17	3.314027983871874e+17	2.913742421201489e+17	0.0	1.3210862451494976e+17	1.4354265536072235e+17	1.4354265536072235e+17	1.4354265536072235e+17	1.4354265536072235e+17	1.4354265536072235e+17	1.4354265536072235e+17	1.181852268871776e+17	1.4354265536072235e+17	9.748838970121504e+16	3.4359309043606637e+17	3.555968067898667e+17	3.3433664903001165e+17	3.801258236873463e+17	3.3847842606612563e+17	4.0085854206399277e+17	3.8611851209420774e+17	4.5364485513056237e+17	3.7410532190572384e+17	3.559310383564335e+17	3.801137943075708e+17	3.1643073628175245e+17	
1.5169920347218477e+17	1.5169920347218477e+17	1.5169920347218477e+17	1.5169920347218477e+17	1.5169920347218477e+17	1.5169920347218477e+17	1.5169920347218477e+17	1.5169920347218477e+17	1.5169920347218477e+17	1.5169920347218477e+17	1.5169920347218477e+17	1.5169920347218477e+17	1.5169920347218477e+17	1.5169920347218477e+17	1.5169920347218477e+17	1.5169920347218477e+17	1.5169920347218477e+17	1.5169920347218477e+17	1.5169920347218477e+17	1.5169920347218477e+17	1.5169920347218477e+17	1.5169920347218477e+17	1.5169920347218477e+17	1.5169920347218477e+17	3.6115410751100294e+17	2.985964497186823e+17	3.0695566610181203e+17	1.264708002104025e+17	1.4585899334077123e+17	3.897600303803465e+17	3.1923951931579046e+17	2.958231750873978e+17	1.3210862451494976e+17	0.0	1.5169920347218477e+17	1.5169920347218477e+17	1.5169920347218477e+17	1.5169920347218477e+17	1.5169920347218477e+17	1.5169920347218477e+17	1.4088496549612549e+17	1.5169920347218477e+17	1.3344852380648262e+17	3.2714906927841824e+17	3.4995353154725114e+17	3.183071455259297e+17	3.6205038489530106e+17	3.2187704095302304e+17	3.757564922727537e+17	3.655377217064592e+17	4.3668673180678803e+17	3.656444939459492e+17	3.4874848639199725e+17	3.710504562666735e+17	3.0750940842602246e+17	
2.9008507448978826	2.7370087762378903	2.8978886178966685	2.9500353555137075	3.000402104265949	2.973804566918931	2.807024817832692	2.8570813039144274	2.948179066810489	3.049843753925495	2.899140004362164	2.9149679930190295	3.0253598256917784	3.175713792019265	2.785192755384818	2.9715057624156596	2.90659580492069	2.8666302676130897	2.246006323349193	2.757950409067935	5.10497922017535	6.0414517017209	6.011703391511952	5.99345497057807	4.09100897055234e+17	3.5761200658912e+17	3.843459456382115e+17	1.5909884501973933e+17	1.7032898975836614e+17	4.288217616107755e+17	3.836095414193675e+17	3.675058666775049e+17	1.4354265536072235e+17	1.5169920347218477e+17	0.0	2.530419585101941	2.7713773705977376	2.9539902140476912	2.5250345792930284	2.7342581710093294	1.495065935169537e+17	2.6321740696991447	1.3752359232917786e+17	3.948171739565589e+17	4.1924025167684454e+17	3.8380324407391635e+17	4.12273961198351e+17	3.953506816145806e+17	4.35682932163248e+17	4.319609975818341e+17	4.8772310649981184e+17	4.2246428304024134e+17	4.1967143281662803e+17	4.299721672215599e+17	3.741875845102403e+17	
