0.0	1.806279894738082	1.95344915966236	1.851757718871134	1.8142972241885342	1.8170556318328708	1.8132662912432032	1.7390364901008655	3.0053965181810187	3.084162876556323	2.9645566754494386	2.8571942010655786	2.8152026734725637	3.1161939218446535	3.122935780806546	2.73200750945753	1.824447261547893	1.7986112835028234	5.168709621050612	6.311325780428334	6.8513769762949535	6.946981464379121	4.596944700910708	4.459718699430299	4.016570336412293e+17	3.4579548511776205e+17	3.737198729251005e+17	1.3366533490806534e+17	1.682914339324122e+17	4.262191796961039e+17	3.6947691271184166e+17	3.6031319414183475e+17	1.360274566275147e+17	1.1797337674609357e+17	11.405972154259501	9.047491580697173	8.827885494822963	38.047481910542835	15.606100496409839	22.959244593925582	1.3688939643294314e+17	6.458649572984953	1.3211426298812398e+17	3.834602456103048e+17	4.025692343434115e+17	3.714459153790117e+17	3.992253629080331e+17	3.824643837953546e+17	4.211581163190086e+17	4.19781807792674e+17	4.741546040553058e+17	4.099326097827058e+17	4.0681633451638163e+17	4.1764375821163584e+17	3.5998595325685926e+17	
1.806279894738082	0.0	1.9362128466928428	1.8529481363478049	1.8710702901123724	1.8030898407510263	1.819959176681997	1.6614232285739337	2.905551263597238	3.049314512987179	2.9663094935892937	2.7964563173399593	2.932472754172698	3.101485012145943	3.0340324945024113	2.760268740306785	1.834506630131682	1.7882178118243934	5.208635054010835	6.302653722445845	6.818244165569868	7.021286559029917	4.854672841944022	4.735478331635827	4.016570336412293e+17	3.4579548511776205e+17	3.737198729251005e+17	1.3366533490806534e+17	1.682914339324122e+17	4.262191796961039e+17	3.6947691271184166e+17	3.6031319414183475e+17	1.360274566275147e+17	1.1797337674609357e+17	11.145990685948183	9.019592546309367	8.800983416475109	37.967870272914745	15.370232163500772	22.887600580923976	1.3688939643294314e+17	6.4084264904961445	1.3211426298812398e+17	3.834602456103048e+17	4.025692343434115e+17	3.714459153790117e+17	3.992253629080331e+17	3.824643837953546e+17	4.211581163190086e+17	4.19781807792674e+17	4.741546040553058e+17	4.099326097827058e+17	4.0681633451638163e+17	4.1764375821163584e+17	3.5998595325685926e+17	
1.95344915966236	1.9362128466928428	0.0	2.0067748768314417	1.8706057868301436	2.0763737642994053	1.7747400132545637	1.8276712665459938	2.833585485586074	3.0660141859996632	3.0388004928376366	2.870448454716231	2.957639261960744	3.0658790010278696	3.0257372177656316	2.7891191442010133	1.916310255819828	1.9548584625452539	5.365162277596882	6.454099307332883	7.104651405622542	7.05859810024362	4.987234288269401	4.846733446932246	4.016570336412293e+17	3.4579548511776205e+17	3.737198729251005e+17	1.3366533490806534e+17	1.682914339324122e+17	4.262191796961039e+17	3.6947691271184166e+17	3.6031319414183475e+17	1.360274566275147e+17	1.1797337674609357e+17	11.3205937022441	9.016384005483808	8.787143642492312	37.685748985225615	15.493001827843033	22.85049703190098	1.3688939643294314e+17	6.6211496256541285	1.3211426298812398e+17	3.834602456103048e+17	4.025692343434115e+17	3.714459153790117e+17	3.992253629080331e+17	3.824643837953546e+17	4.211581163190086e+17	4.19781807792674e+17	4.741546040553058e+17	4.099326097827058e+17	4.0681633451638163e+17	4.1764375821163584e+17	3.5998595325685926e+17	
1.851757718871134	1.8529481363478049	2.0067748768314417	0.0	1.865897612071202	1.9298658440249215	1.93197970213961	1.7870409425361196	2.95271281953863	3.1663931634351927	3.0599474158715485	2.9508155142205656	2.9578402393583043	3.186247262940811	3.1064287935241848	2.859336089388783	1.8846831969933202	1.8980761673193989	5.4515528136654625	6.560497882234155	7.143557657693245	7.057212940115679	4.930713598490052	4.840060120248259	4.016570336412293e+17	3.4579548511776205e+17	3.737198729251005e+17	1.3366533490806534e+17	1.682914339324122e+17	4.262191796961039e+17	3.6947691271184166e+17	3.6031319414183475e+17	1.360274566275147e+17	1.1797337674609357e+17	11.453158658724835	9.049004962708395	8.945256786111365	37.71300105444621	15.548717716793428	22.698855735219574	1.3688939643294314e+17	6.738553069982934	1.3211426298812398e+17	3.834602456103048e+17	4.025692343434115e+17	3.714459153790117e+17	3.992253629080331e+17	3.824643837953546e+17	4.211581163190086e+17	4.19781807792674e+17	4.741546040553058e+17	4.099326097827058e+17	4.0681633451638163e+17	4.1764375821163584e+17	3.5998595325685926e+17	
1.8142972241885342	1.8710702901123724	1.8706057868301436	1.865897612071202	0.0	1.819555141067665	1.9099595400924114	1.7415070291441597	2.9589067289076096	3.2031429263535487	3.078686273331781	2.9882161407042513	3.0457893827794362	3.2427186339776015	3.168521466592315	2.883708079524476	1.820243577268732	1.7447397252812007	5.632387364304527	6.810101930555482	7.349919211324693	7.248608575296591	5.037534869590827	4.951463922511296	4.016570336412293e+17	3.4579548511776205e+17	3.737198729251005e+17	1.3366533490806534e+17	1.682914339324122e+17	4.262191796961039e+17	3.6947691271184166e+17	3.6031319414183475e+17	1.360274566275147e+17	1.1797337674609357e+17	11.625127024490288	9.225849244349996	9.054819202251663	37.669929430553154	15.763178167864954	22.764256070845548	1.3688939643294314e+17	6.957154024384865	1.3211426298812398e+17	3.834602456103048e+17	4.025692343434115e+17	3.714459153790117e+17	3.992253629080331e+17	3.824643837953546e+17	4.211581163190086e+17	4.19781807792674e+17	4.741546040553058e+17	4.099326097827058e+17	4.0681633451638163e+17	4.1764375821163584e+17	3.5998595325685926e+17	
1.8170556318328708	1.8030898407510263	2.0763737642994053	1.9298658440249215	1.819555141067665	0.0	1.9242083682715954	1.81027530933417	3.0857033576327235	3.2452487413949735	3.0782595331339837	3.000323111924494	3.057418614551653	3.297310490078824	3.2635113772530335	2.9365961045881073	1.78675066339922	1.812903713094738	5.580902946955197	6.6939801556667575	7.220496666000843	7.258617055248027	5.033804409697956	4.929465142973687	4.016570336412293e+17	3.4579548511776205e+17	3.737198729251005e+17	1.3366533490806534e+17	1.682914339324122e+17	4.262191796961039e+17	3.6947691271184166e+17	3.6031319414183475e+17	1.360274566275147e+17	1.1797337674609357e+17	11.570538585582344	9.3006003239331	9.080390164442036	37.95249444084801	15.764882247802618	22.881828066357194	1.3688939643294314e+17	6.837876694831418	1.3211426298812398e+17	3.834602456103048e+17	4.025692343434115e+17	3.714459153790117e+17	3.992253629080331e+17	3.824643837953546e+17	4.211581163190086e+17	4.19781807792674e+17	4.741546040553058e+17	4.099326097827058e+17	4.0681633451638163e+17	4.1764375821163584e+17	3.5998595325685926e+17	
1.8132662912432032	1.819959176681997	1.7747400132545637	1.93197970213961	1.9099595400924114	1.9242083682715954	0.0	1.806502078558679	2.958089020970937	3.1101203239703956	3.0553432070214144	2.8822277923133335	3.0092413383339696	3.1425186327228727	3.130620900025163	2.824099232250465	1.8080310251077598	1.8455979875090667	5.328465858086767	6.457846094471851	6.988123552340322	7.167872737530245	4.950065370528405	4.818592018409955	4.016570336412293e+17	3.4579548511776205e+17	3.737198729251005e+17	1.3366533490806534e+17	1.682914339324122e+17	4.262191796961039e+17	3.6947691271184166e+17	3.6031319414183475e+17	1.360274566275147e+17	1.1797337674609357e+17	11.329552278555001	9.1477807520132	8.77790284700837	37.92464502912399	15.619669739319917	22.901295962182086	1.3688939643294314e+17	6.5290386924483625	1.3211426298812398e+17	3.834602456103048e+17	4.025692343434115e+17	3.714459153790117e+17	3.992253629080331e+17	3.824643837953546e+17	4.211581163190086e+17	4.19781807792674e+17	4.741546040553058e+17	4.099326097827058e+17	4.0681633451638163e+17	4.1764375821163584e+17	3.5998595325685926e+17	
1.7390364901008655	1.6614232285739337	1.8276712665459938	1.7870409425361196	1.7415070291441597	1.81027530933417	1.806502078558679	0.0	2.852471176336227	3.042249935940203	2.9663134320511335	2.878564910117738	2.9213232330587853	3.064662190815491	2.9937035211214647	2.709830406964282	1.781558020136051	1.7462641954734237	5.238362000168383	6.355256384690183	6.909408092938229	6.881474113258747	4.769632761591877	4.657008260525709	4.016570336412293e+17	3.4579548511776205e+17	3.737198729251005e+17	1.3366533490806534e+17	1.682914339324122e+17	4.262191796961039e+17	3.6947691271184166e+17	3.6031319414183475e+17	1.360274566275147e+17	1.1797337674609357e+17	11.19330785813883	8.899416901107793	8.832750667133944	37.78422040971002	15.37494849567684	22.893542108211065	1.3688939643294314e+17	6.523463645515695	1.3211426298812398e+17	3.834602456103048e+17	4.025692343434115e+17	3.714459153790117e+17	3.992253629080331e+17	3.824643837953546e+17	4.211581163190086e+17	4.19781807792674e+17	4.741546040553058e+17	4.099326097827058e+17	4.0681633451638163e+17	4.1764375821163584e+17	3.5998595325685926e+17	
3.0053965181810187	2.905551263597238	2.833585485586074	2.95271281953863	2.9589067289076096	3.0857033576327235	2.958089020970937	2.852471176336227	0.0	2.8823364274889673	2.7116890839930186	2.6782020901624786	2.686859037853193	2.874565876355028	2.555897954924322	2.6422029079722162	2.9726167933865595	2.9726028503657798	5.3971558385841565	6.4946859446204845	7.116641354378666	6.986882035409937	5.192843457162368	5.105721621962595	4.016570336412293e+17	3.4579548511776205e+17	3.737198729251005e+17	1.3366533490806534e+17	1.682914339324122e+17	4.262191796961039e+17	3.6947691271184166e+17	3.6031319414183475e+17	1.360274566275147e+17	1.1797337674609357e+17	11.236079840526381	8.896838370604115	8.724546095588405	37.52998171017788	15.199520828847087	22.76638874177343	1.3688939643294314e+17	6.745641920835006	1.3211426298812398e+17	3.834602456103048e+17	4.025692343434115e+17	3.714459153790117e+17	3.992253629080331e+17	3.824643837953546e+17	4.211581163190086e+17	4.19781807792674e+17	4.741546040553058e+17	4.099326097827058e+17	4.0681633451638163e+17	4.1764375821163584e+17	3.5998595325685926e+17	
3.084162876556323	3.049314512987179	3.0660141859996632	3.1663931634351927	3.2031429263535487	3.2452487413949735	3.1101203239703956	3.042249935940203	2.8823364274889673	0.0	3.0098373167510064	2.63909232730365	3.0019428094703824	2.3591989018517014	2.857297833790153	2.6375916717663928	3.159114407051878	3.204042481031088	4.962545453488396	6.097212795122519	6.712944117370057	6.760963322491052	4.693647351613274	4.605293647114865	4.016570336412293e+17	3.4579548511776205e+17	3.737198729251005e+17	1.3366533490806534e+17	1.682914339324122e+17	4.262191796961039e+17	3.6947691271184166e+17	3.6031319414183475e+17	1.360274566275147e+17	1.1797337674609357e+17	10.97898451299406	8.893291606714401	8.60599158457202	37.96156684300717	15.219375289556032	23.083432490970115	1.3688939643294314e+17	6.211950679028706	1.3211426298812398e+17	3.8346024561030464e+17	4.025692343434115e+17	3.714459153790117e+17	3.992253629080331e+17	3.824643837953546e+17	4.211581163190086e+17	4.19781807792674e+17	4.741546040553058e+17	4.099326097827058e+17	4.0681633451638163e+17	4.1764375821163584e+17	3.5998595325685926e+17	
2.9645566754494386	2.9663094935892937	3.0388004928376366	3.0599474158715485	3.078686273331781	3.0782595331339837	3.0553432070214144	2.9663134320511335	2.7116890839930186	3.0098373167510064	0.0	2.8676034115364013	2.3513769235380826	3.0145037271032202	2.4131724661971514	2.5335341463970544	3.040733030745018	3.0761187723806573	5.286089876320116	6.33968636419137	6.892289906233411	6.855512346953251	4.880406361020535	4.786271368818832	4.016570336412293e+17	3.4579548511776205e+17	3.737198729251005e+17	1.3366533490806534e+17	1.682914339324122e+17	4.262191796961039e+17	3.6947691271184166e+17	3.6031319414183475e+17	1.360274566275147e+17	1.1797337674609357e+17	11.434763294603465	9.10945556471986	8.843961166061758	38.181035165924435	15.369843683213345	23.093302244932516	1.3688939643294314e+17	6.5922077783589295	1.3211426298812398e+17	3.834602456103048e+17	4.025692343434115e+17	3.714459153790117e+17	3.992253629080331e+17	3.824643837953546e+17	4.211581163190086e+17	4.19781807792674e+17	4.741546040553058e+17	4.099326097827058e+17	4.0681633451638163e+17	4.1764375821163584e+17	3.5998595325685926e+17	
2.8571942010655786	2.7964563173399593	2.870448454716231	2.9508155142205656	2.9882161407042513	3.000323111924494	2.8822277923133335	2.878564910117738	2.6782020901624786	2.63909232730365	2.8676034115364013	0.0	2.858271696307614	2.641128590475372	2.8484383452772097	2.5195085190715383	2.9648339748060555	2.968664225060088	5.102829479202851	6.227512095348847	6.860994932055116	7.048627320740034	4.867975546280891	4.7581281311863854	4.016570336412293e+17	3.4579548511776205e+17	3.737198729251005e+17	1.3366533490806534e+17	1.682914339324122e+17	4.262191796961039e+17	3.6947691271184166e+17	3.6031319414183475e+17	1.360274566275147e+17	1.1797337674609357e+17	11.077855098859144	9.005155985545763	8.674401410115765	37.97278191342553	15.324067929022503	22.95716205302322	1.3688939643294314e+17	6.364387619013875	1.3211426298812398e+17	3.834602456103048e+17	4.025692343434115e+17	3.714459153790117e+17	3.992253629080331e+17	3.824643837953546e+17	4.211581163190086e+17	4.19781807792674e+17	4.741546040553058e+17	4.099326097827058e+17	4.0681633451638163e+17	4.1764375821163584e+17	3.5998595325685926e+17	
2.8152026734725637	2.932472754172698	2.957639261960744	2.9578402393583043	3.0457893827794362	3.057418614551653	3.0092413383339696	2.9213232330587853	2.686859037853193	3.0019428094703824	2.3513769235380826	2.858271696307614	0.0	2.9871030469241213	2.4094695478407067	2.5267567762670264	3.0365332110349255	3.052340343880621	5.194508162268877	6.195662859591349	6.834513818868488	6.785581581970321	4.955956358252569	4.831562642388602	4.016570336412293e+17	3.4579548511776205e+17	3.737198729251005e+17	1.3366533490806534e+17	1.682914339324122e+17	4.262191796961039e+17	3.6947691271184166e+17	3.6031319414183475e+17	1.360274566275147e+17	1.1797337674609357e+17	11.404552906062698	8.897315468431206	8.740813551751396	38.08625877486935	15.209754150199439	22.98032753679303	1.3688939643294314e+17	6.530033120703989	1.3211426298812398e+17	3.834602456103048e+17	4.025692343434115e+17	3.714459153790117e+17	3.992253629080331e+17	3.824643837953546e+17	4.211581163190086e+17	4.19781807792674e+17	4.741546040553058e+17	4.099326097827058e+17	4.0681633451638163e+17	4.1764375821163584e+17	3.5998595325685926e+17	
3.1161939218446535	3.101485012145943	3.0658790010278696	3.186247262940811	3.2427186339776015	3.297310490078824	3.1425186327228727	3.064662190815491	2.874565876355028	2.3591989018517014	3.0145037271032202	2.641128590475372	2.9871030469241213	0.0	2.8788930395511803	2.6864123227221253	3.1905890251462994	3.24009775108434	4.857735766481778	5.988767941381295	6.664046276243432	6.564522423365808	4.550675922129117	4.421717184202233	4.016570336412293e+17	3.4579548511776205e+17	3.737198729251005e+17	1.3366533490806534e+17	1.682914339324122e+17	4.262191796961039e+17	3.6947691271184166e+17	3.6031319414183475e+17	1.360274566275147e+17	1.1797337674609357e+17	10.903218041185614	8.759254999465591	8.440165297830454	37.72843319601541	15.143212651594542	22.921677949409897	1.3688939643294314e+17	6.267629226140482	1.3211426298812398e+17	3.8346024561030464e+17	4.025692343434115e+17	3.714459153790117e+17	3.992253629080331e+17	3.824643837953546e+17	4.211581163190086e+17	4.19781807792674e+17	4.741546040553058e+17	4.099326097827058e+17	4.0681633451638163e+17	4.1764375821163584e+17	3.5998595325685926e+17	
3.122935780806546	3.0340324945024113	3.0257372177656316	3.1064287935241848	3.168521466592315	3.2635113772530335	3.130620900025163	2.9937035211214647	2.555897954924322	2.857297833790153	2.4131724661971514	2.8484383452772097	2.4094695478407067	2.8788930395511803	0.0	2.4382907013089694	3.1307667632627565	3.165736565638364	5.088004214953942	6.147961910651905	6.8298005044836785	6.66541313712106	4.939814877197617	4.900291954762167	4.016570336412293e+17	3.4579548511776205e+17	3.737198729251005e+17	1.3366533490806534e+17	1.682914339324122e+17	4.262191796961039e+17	3.6947691271184166e+17	3.6031319414183475e+17	1.360274566275147e+17	1.1797337674609357e+17	11.016203407781731	8.710789092485046	8.610578802563154	37.633200327523646	14.927595437010238	22.783676466456733	1.3688939643294314e+17	6.403312286056163	1.3211426298812398e+17	3.834602456103048e+17	4.025692343434115e+17	3.714459153790117e+17	3.992253629080331e+17	3.824643837953546e+17	4.211581163190086e+17	4.19781807792674e+17	4.741546040553058e+17	4.099326097827058e+17	4.0681633451638163e+17	4.1764375821163584e+17	3.5998595325685926e+17	
2.73200750945753	2.760268740306785	2.7891191442010133	2.859336089388783	2.883708079524476	2.9365961045881073	2.824099232250465	2.709830406964282	2.6422029079722162	2.6375916717663928	2.5335341463970544	2.5195085190715383	2.5267567762670264	2.6864123227221253	2.4382907013089694	0.0	2.8472457085013945	2.8003360682886416	4.849778429117101	6.005352481450123	6.58679190330486	6.565040649966721	4.480746478211286	4.386120669372471	4.016570336412293e+17	3.4579548511776205e+17	3.737198729251005e+17	1.3366533490806534e+17	1.682914339324122e+17	4.262191796961039e+17	3.6947691271184166e+17	3.6031319414183475e+17	1.360274566275147e+17	1.1797337674609357e+17	11.042965824065401	8.783004474163137	8.593430578926478	38.07455112870755	15.181890627572217	23.17973019187955	1.3688939643294314e+17	6.1500081659588	1.3211426298812398e+17	3.834602456103048e+17	4.025692343434115e+17	3.714459153790117e+17	3.992253629080331e+17	3.824643837953546e+17	4.211581163190086e+17	4.19781807792674e+17	4.741546040553058e+17	4.099326097827058e+17	4.0681633451638163e+17	4.1764375821163584e+17	3.5998595325685926e+17	
1.824447261547893	1.834506630131682	1.916310255819828	1.8846831969933202	1.820243577268732	1.78675066339922	1.8080310251077598	1.781558020136051	2.9726167933865595	3.159114407051878	3.040733030745018	2.9648339748060555	3.0365332110349255	3.1905890251462994	3.1307667632627565	2.8472457085013945	0.0	1.8215407899852072	5.49610654398382	6.626762876143414	7.178165852242653	7.133110322217429	4.940659648159595	4.84428212088699	4.016570336412293e+17	3.4579548511776205e+17	3.737198729251005e+17	1.3366533490806534e+17	1.682914339324122e+17	4.262191796961039e+17	3.6947691271184166e+17	3.6031319414183475e+17	1.360274566275147e+17	1.1797337674609357e+17	11.477626202011319	9.214303749739075	8.953375026787324	37.79252943433453	15.784754601934022	22.845780421540006	1.3688939643294314e+17	6.730888478154884	1.3211426298812398e+17	3.834602456103048e+17	4.025692343434115e+17	3.714459153790117e+17	3.992253629080331e+17	3.824643837953546e+17	4.211581163190086e+17	4.19781807792674e+17	4.741546040553058e+17	4.099326097827058e+17	4.0681633451638163e+17	4.1764375821163584e+17	3.5998595325685926e+17	
1.7986112835028234	1.7882178118243934	1.9548584625452539	1.8980761673193989	1.7447397252812007	1.812903713094738	1.8455979875090667	1.7462641954734237	2.9726028503657798	3.204042481031088	3.0761187723806573	2.968664225060088	3.052340343880621	3.24009775108434	3.165736565638364	2.8003360682886416	1.8215407899852072	0.0	5.49839577277601	6.654113752785487	7.1275777083132965	7.185630860404323	5.063027841346373	4.933791553448918	4.016570336412293e+17	3.4579548511776205e+17	3.737198729251005e+17	1.3366533490806534e+17	1.682914339324122e+17	4.262191796961039e+17	3.6947691271184166e+17	3.6031319414183475e+17	1.360274566275147e+17	1.1797337674609357e+17	11.476677832757925	9.199988692017703	8.96211513491361	37.85731122487224	15.638997927037527	22.883799262524313	1.3688939643294314e+17	6.802145895720043	1.3211426298812398e+17	3.834602456103048e+17	4.025692343434115e+17	3.714459153790117e+17	3.992253629080331e+17	3.824643837953546e+17	4.211581163190086e+17	4.19781807792674e+17	4.741546040553058e+17	4.099326097827058e+17	4.0681633451638163e+17	4.1764375821163584e+17	3.5998595325685926e+17	
5.168709621050612	5.208635054010835	5.365162277596882	5.4515528136654625	5.632387364304527	5.580902946955197	5.328465858086767	5.238362000168383	5.3971558385841565	4.962545453488396	5.286089876320116	5.102829479202851	5.194508162268877	4.857735766481778	5.088004214953942	4.849778429117101	5.49610654398382	5.49839577277601	0.0	3.8779238363474846	4.3053438556765995	5.820804640340855	3.9780081559655205	3.624889535104137	4.016570336412293e+17	3.4579548511776205e+17	3.737198729251005e+17	1.3366533490806534e+17	1.682914339324122e+17	4.262191796961039e+17	3.6947691271184166e+17	3.6031319414183475e+17	1.360274566275147e+17	1.1797337674609357e+17	9.061236119761746	7.801180566447844	7.602489872744789	38.86060600961212	13.738777572609528	23.841891731817917	1.3688939643294314e+17	4.158717497252823	1.3211426298812398e+17	3.834602456103048e+17	4.025692343434115e+17	3.714459153790117e+17	3.992253629080331e+17	3.824643837953546e+17	4.211581163190086e+17	4.19781807792674e+17	4.741546040553058e+17	4.099326097827058e+17	4.0681633451638163e+17	4.1764375821163584e+17	3.5998595325685926e+17	
6.311325780428334	6.302653722445845	6.454099307332883	6.560497882234155	6.810101930555482	6.6939801556667575	6.457846094471851	6.355256384690183	6.4946859446204845	6.097212795122519	6.33968636419137	6.227512095348847	6.195662859591349	5.988767941381295	6.147961910651905	6.005352481450123	6.626762876143414	6.654113752785487	3.8779238363474846	0.0	4.535354515250807	5.998349804418599	5.3355344810682	5.067953691714308	4.016570336412293e+17	3.4579548511776205e+17	3.737198729251005e+17	1.3366533490806534e+17	1.682914339324122e+17	4.262191796961039e+17	3.6947691271184166e+17	3.6031319414183475e+17	1.360274566275147e+17	1.1797337674609357e+17	8.93399658868638	7.907573133761155	7.986137725343462	39.389497820265944	13.058557960009573	24.015522236738096	1.3688939643294314e+17	3.6091215001101764	1.3211426298812398e+17	3.834602456103048e+17	4.025692343434115e+17	3.714459153790117e+17	3.992253629080331e+17	3.824643837953546e+17	4.211581163190086e+17	4.19781807792674e+17	4.741546040553058e+17	4.099326097827058e+17	4.0681633451638163e+17	4.1764375821163584e+17	3.5998595325685926e+17	
6.8513769762949535	6.818244165569868	7.104651405622542	7.143557657693245	7.349919211324693	7.220496666000843	6.988123552340322	6.909408092938229	7.116641354378666	6.712944117370057	6.892289906233411	6.860994932055116	6.834513818868488	6.664046276243432	6.8298005044836785	6.58679190330486	7.178165852242653	7.1275777083132965	4.3053438556765995	4.535354515250807	0.0	6.335881835144296	5.587979631318277	5.206102588885709	4.016570336412293e+17	3.4579548511776205e+17	3.737198729251005e+17	1.3366533490806534e+17	1.682914339324122e+17	4.262191796961039e+17	3.6947691271184166e+17	3.6031319414183475e+17	1.360274566275147e+17	1.1797337674609357e+17	9.215986014353925	8.507020354427457	8.359374553236334	40.436721168123505	13.292875800491002	25.149958095968664	1.3688939643294314e+17	4.875695708789394	1.3211426298812398e+17	3.834602456103048e+17	4.025692343434115e+17	3.714459153790117e+17	3.992253629080331e+17	3.824643837953546e+17	4.211581163190086e+17	4.19781807792674e+17	4.741546040553058e+17	4.099326097827058e+17	4.0681633451638163e+17	4.1764375821163584e+17	3.5998595325685926e+17	
6.946981464379121	7.021286559029917	7.05859810024362	7.057212940115679	7.248608575296591	7.258617055248027	7.167872737530245	6.881474113258747	6.986882035409937	6.760963322491052	6.855512346953251	7.048627320740034	6.785581581970321	6.564522423365808	6.66541313712106	6.565040649966721	7.133110322217429	7.185630860404323	5.820804640340855	5.998349804418599	6.335881835144296	0.0	5.731327104678445	5.612005000374398	4.016570336412293e+17	3.4579548511776205e+17	3.737198729251005e+17	1.3366533490806534e+17	1.682914339324122e+17	4.262191796961039e+17	3.6947691271184166e+17	3.6031319414183475e+17	1.360274566275147e+17	1.1797337674609357e+17	10.69040970232462	8.339647728827085	8.94801715250321	38.52916356407066	13.909734836578357	24.009110341186076	1.3688939643294314e+17	6.873162315603823	1.3211426298812398e+17	3.8346024561030464e+17	4.025692343434115e+17	3.714459153790117e+17	3.992253629080331e+17	3.824643837953546e+17	4.211581163190086e+17	4.19781807792674e+17	4.741546040553058e+17	4.099326097827058e+17	4.0681633451638163e+17	4.1764375821163584e+17	3.5998595325685926e+17	
4.596944700910708	4.854672841944022	4.987234288269401	4.930713598490052	5.037534869590827	5.033804409697956	4.950065370528405	4.769632761591877	5.192843457162368	4.693647351613274	4.880406361020535	4.867975546280891	4.955956358252569	4.550675922129117	4.939814877197617	4.480746478211286	4.940659648159595	5.063027841346373	3.9780081559655205	5.3355344810682	5.587979631318277	5.731327104678445	0.0	1.1868846522057641	4.016570336412293e+17	3.4579548511776205e+17	3.737198729251005e+17	1.3366533490806534e+17	1.682914339324122e+17	4.262191796961039e+17	3.6947691271184166e+17	3.6031319414183475e+17	1.360274566275147e+17	1.1797337674609357e+17	10.701809909674887	8.504709915321873	8.517167326039868	38.85884576365356	15.435948937264186	24.195249620880933	1.3688939643294314e+17	5.255458636916873	1.3211426298812398e+17	3.834602456103048e+17	4.025692343434115e+17	3.714459153790117e+17	3.992253629080331e+17	3.824643837953546e+17	4.211581163190086e+17	4.19781807792674e+17	4.741546040553058e+17	4.099326097827058e+17	4.0681633451638163e+17	4.1764375821163584e+17	3.5998595325685926e+17	
4.459718699430299	4.735478331635827	4.846733446932246	4.840060120248259	4.951463922511296	4.929465142973687	4.818592018409955	4.657008260525709	5.105721621962595	4.605293647114865	4.786271368818832	4.7581281311863854	4.831562642388602	4.421717184202233	4.900291954762167	4.386120669372471	4.84428212088699	4.933791553448918	3.624889535104137	5.067953691714308	5.206102588885709	5.612005000374398	1.1868846522057641	0.0	4.016570336412293e+17	3.4579548511776205e+17	3.737198729251005e+17	1.3366533490806534e+17	1.682914339324122e+17	4.262191796961039e+17	3.6947691271184166e+17	3.6031319414183475e+17	1.360274566275147e+17	1.1797337674609357e+17	10.616499912133337	8.437099381209563	8.289464487355126	39.051797756246614	15.385356443244937	24.390676259626435	1.3688939643294314e+17	5.043155731286351	1.3211426298812398e+17	3.834602456103048e+17	4.025692343434115e+17	3.714459153790117e+17	3.992253629080331e+17	3.824643837953546e+17	4.211581163190086e+17	4.19781807792674e+17	4.741546040553058e+17	4.099326097827058e+17	4.0681633451638163e+17	4.1764375821163584e+17	3.5998595325685926e+17	
4.016570336412293e+17	4.016570336412293e+17	4.016570336412293e+17	4.016570336412293e+17	4.016570336412293e+17	4.016570336412293e+17	4.016570336412293e+17	4.016570336412293e+17	4.016570336412293e+17	4.016570336412293e+17	4.016570336412293e+17	4.016570336412293e+17	4.016570336412293e+17	4.016570336412293e+17	4.016570336412293e+17	4.016570336412293e+17	4.016570336412293e+17	4.016570336412293e+17	4.016570336412293e+17	4.016570336412293e+17	4.016570336412293e+17	4.016570336412293e+17	4.016570336412293e+17	4.016570336412293e+17	0.0	2.969050225245845e+17	3.497057900225773e+17	3.4665126428515136e+17	3.5988713399103085e+17	2.993855705956691e+17	2.727743253869747e+17	2.93418891186948e+17	3.574023195791892e+17	3.583480161677182e+17	4.016570336412293e+17	4.016570336412293e+17	4.016570336412293e+17	4.0165703364122925e+17	4.016570336412293e+17	4.016570336412293e+17	3.3099512913796256e+17	4.016570336412293e+17	3.502400992123252e+17	2.8310355351961155e+17	2.545715630071923e+17	2.8617365663953453e+17	3.2506310708704154e+17	2.548016230852081e+17	3.4597577946218426e+17	2.718231151249672e+17	2.760349722016951e+17	2.8305583720542614e+17	2.6252034965997795e+17	2.8137026854597114e+17	2.4857400836493222e+17	
3.4579548511776205e+17	3.4579548511776205e+17	3.4579548511776205e+17	3.4579548511776205e+17	3.4579548511776205e+17	3.4579548511776205e+17	3.4579548511776205e+17	3.4579548511776205e+17	3.4579548511776205e+17	3.4579548511776205e+17	3.4579548511776205e+17	3.4579548511776205e+17	3.4579548511776205e+17	3.4579548511776205e+17	3.4579548511776205e+17	3.4579548511776205e+17	3.4579548511776205e+17	3.4579548511776205e+17	3.4579548511776205e+17	3.4579548511776205e+17	3.4579548511776205e+17	3.4579548511776205e+17	3.4579548511776205e+17	3.4579548511776205e+17	2.969050225245845e+17	0.0	2.664689741997893e+17	2.809392341142078e+17	2.929611230005709e+17	2.981427757971082e+17	2.2588573707017827e+17	2.6462042508855622e+17	3.024343278194761e+17	2.991804681354528e+17	3.4579548511776205e+17	3.4579548511776205e+17	3.4579548511776205e+17	3.4579548511776205e+17	3.4579548511776205e+17	3.4579548511776205e+17	2.9511526237804045e+17	3.4579548511776205e+17	2.9340527956498394e+17	2.350539683880428e+17	2.4715483417185002e+17	2.2511948015489658e+17	2.6003936657431683e+17	2.2925656321630986e+17	2.6255624945423363e+17	2.5702846093819626e+17	2.9367551061503635e+17	2.538714745662714e+17	2.3441884408701792e+17	2.503383170554246e+17	2.2387293008833277e+17	
3.737198729251005e+17	3.737198729251005e+17	3.737198729251005e+17	3.737198729251005e+17	3.737198729251005e+17	3.737198729251005e+17	3.737198729251005e+17	3.737198729251005e+17	3.737198729251005e+17	3.737198729251005e+17	3.737198729251005e+17	3.737198729251005e+17	3.737198729251005e+17	3.737198729251005e+17	3.737198729251005e+17	3.737198729251005e+17	3.737198729251005e+17	3.737198729251005e+17	3.737198729251005e+17	3.737198729251005e+17	3.737198729251005e+17	3.737198729251005e+17	3.737198729251005e+17	3.737198729251005e+17	3.497057900225773e+17	2.664689741997893e+17	0.0	3.0421257436031917e+17	3.00265324372892e+17	3.7757355911660294e+17	2.8800841146000826e+17	3.0038158292110246e+17	3.0925616223615866e+17	3.2260300168211066e+17	3.737198729251005e+17	3.737198729251005e+17	3.737198729251005e+17	3.737198729251005e+17	3.737198729251005e+17	3.737198729251005e+17	3.115631886954155e+17	3.737198729251005e+17	3.0200170143624595e+17	2.56782408683018e+17	2.6664658916011242e+17	2.77873127439364e+17	3.35089156919288e+17	2.7360551783773667e+17	3.1854955697627136e+17	3.218968484470096e+17	3.886390779597287e+17	2.8333976887424502e+17	2.5035955025335155e+17	3.0883141318330246e+17	2.523249320768703e+17	
1.3366533490806534e+17	1.3366533490806534e+17	1.3366533490806534e+17	1.3366533490806534e+17	1.3366533490806534e+17	1.3366533490806534e+17	1.3366533490806534e+17	1.3366533490806534e+17	1.3366533490806534e+17	1.3366533490806534e+17	1.3366533490806534e+17	1.3366533490806534e+17	1.3366533490806534e+17	1.3366533490806534e+17	1.3366533490806534e+17	1.3366533490806534e+17	1.3366533490806534e+17	1.3366533490806534e+17	1.3366533490806534e+17	1.3366533490806534e+17	1.3366533490806534e+17	1.3366533490806534e+17	1.3366533490806534e+17	1.3366533490806534e+17	3.4665126428515136e+17	2.809392341142078e+17	3.0421257436031917e+17	0.0	1.1998866947226411e+17	3.8197496410985024e+17	2.9972191257357005e+17	2.8119136170825146e+17	1.0474972194132736e+17	1.1447638509959533e+17	1.3366533490806534e+17	1.3366533490806534e+17	1.3366533490806534e+17	1.3366533490806534e+17	1.3366533490806534e+17	1.3366533490806534e+17	1.1787339637268027e+17	1.3366533490806534e+17	1.0696039004702562e+17	3.1753900061396634e+17	3.3368347447996435e+17	3.0175833031351725e+17	3.462506213712145e+17	3.1075208983420486e+17	3.63490618793072e+17	3.496304778456436e+17	4.1653898425723283e+17	3.4897172329053344e+17	3.3511971720642714e+17	3.5546451518489824e+17	2.932058330904729e+17	
1.682914339324122e+17	1.682914339324122e+17	1.682914339324122e+17	1.682914339324122e+17	1.682914339324122e+17	1.682914339324122e+17	1.682914339324122e+17	1.682914339324122e+17	1.682914339324122e+17	1.682914339324122e+17	1.682914339324122e+17	1.682914339324122e+17	1.682914339324122e+17	1.682914339324122e+17	1.682914339324122e+17	1.682914339324122e+17	1.682914339324122e+17	1.682914339324122e+17	1.682914339324122e+17	1.682914339324122e+17	1.682914339324122e+17	1.682914339324122e+17	1.682914339324122e+17	1.682914339324122e+17	3.5988713399103085e+17	2.929611230005709e+17	3.00265324372892e+17	1.1998866947226411e+17	0.0	4.133612858975038e+17	3.1607038536004077e+17	2.894023097227375e+17	1.1285223330968438e+17	1.486699150567506e+17	1.682914339324122e+17	1.682914339324122e+17	1.682914339324122e+17	1.6829143393241216e+17	1.682914339324122e+17	1.682914339324122e+17	1.3267313826162795e+17	1.682914339324122e+17	1.1954621897838208e+17	3.3776069039196576e+17	3.424750356726614e+17	3.1672093134699424e+17	3.728277475049458e+17	3.269645079169216e+17	3.895942550995914e+17	3.713953804586225e+17	4.4178579839946854e+17	3.603492047053734e+17	3.419182979091454e+17	3.744554460560395e+17	3.053446383052881e+17	
4.262191796961039e+17	4.262191796961039e+17	4.262191796961039e+17	4.262191796961039e+17	4.262191796961039e+17	4.262191796961039e+17	4.262191796961039e+17	4.262191796961039e+17	4.262191796961039e+17	4.262191796961039e+17	4.262191796961039e+17	4.262191796961039e+17	4.262191796961039e+17	4.262191796961039e+17	4.262191796961039e+17	4.262191796961039e+17	4.262191796961039e+17	4.262191796961039e+17	4.262191796961039e+17	4.262191796961039e+17	4.262191796961039e+17	4.262191796961039e+17	4.262191796961039e+17	4.262191796961039e+17	2.993855705956691e+17	2.981427757971082e+17	3.7757355911660294e+17	3.8197496410985024e+17	4.133612858975038e+17	0.0	2.692458700454199e+17	3.425206952287045e+17	4.0659464264497395e+17	3.862034099986276e+17	4.262191796961039e+17	4.262191796961039e+17	4.262191796961039e+17	4.262191796961039e+17	4.262191796961039e+17	4.262191796961039e+17	3.9523717892188026e+17	4.262191796961039e+17	3.9945208190892294e+17	2.7283713671558093e+17	2.895712045878994e+17	2.7156406660453526e+17	2.5148278917043763e+17	2.7029198378829795e+17	2.5901412421156576e+17	2.514217009007295e+17	2.6776347359911267e+17	2.600368545728641e+17	2.958291905758227e+17	2.314827359823932e+17	2.629411454792583e+17	
3.6947691271184166e+17	3.6947691271184166e+17	3.6947691271184166e+17	3.6947691271184166e+17	3.6947691271184166e+17	3.6947691271184166e+17	3.6947691271184166e+17	3.6947691271184166e+17	3.6947691271184166e+17	3.6947691271184166e+17	3.6947691271184166e+17	3.6947691271184166e+17	3.6947691271184166e+17	3.6947691271184166e+17	3.6947691271184166e+17	3.6947691271184166e+17	3.6947691271184166e+17	3.6947691271184166e+17	3.6947691271184166e+17	3.6947691271184166e+17	3.6947691271184166e+17	3.6947691271184166e+17	3.6947691271184166e+17	3.6947691271184166e+17	2.727743253869747e+17	2.2588573707017827e+17	2.8800841146000826e+17	2.9972191257357005e+17	3.1607038536004077e+17	2.692458700454199e+17	0.0	2.5275129295392608e+17	3.220900836723942e+17	3.1631667481001363e+17	3.6947691271184166e+17	3.6947691271184166e+17	3.6947691271184166e+17	3.6947691271184166e+17	3.6947691271184166e+17	3.6947691271184166e+17	3.1608414605914406e+17	3.6947691271184166e+17	3.144337008714829e+17	2.2275967215970205e+17	2.322346771115795e+17	1.8715914690206525e+17	2.5777411424618272e+17	2.2709388086136448e+17	2.3594576454015203e+17	2.158941984156703e+17	2.635560596908535e+17	2.3184544419440182e+17	2.1739673325892003e+17	2.1185066635864403e+17	2.0171689943652854e+17	
3.6031319414183475e+17	3.6031319414183475e+17	3.6031319414183475e+17	3.6031319414183475e+17	3.6031319414183475e+17	3.6031319414183475e+17	3.6031319414183475e+17	3.6031319414183475e+17	3.6031319414183475e+17	3.6031319414183475e+17	3.6031319414183475e+17	3.6031319414183475e+17	3.6031319414183475e+17	3.6031319414183475e+17	3.6031319414183475e+17	3.6031319414183475e+17	3.6031319414183475e+17	3.6031319414183475e+17	3.6031319414183475e+17	3.6031319414183475e+17	3.6031319414183475e+17	3.6031319414183475e+17	3.6031319414183475e+17	3.6031319414183475e+17	2.93418891186948e+17	2.6462042508855622e+17	3.0038158292110246e+17	2.8119136170825146e+17	2.894023097227375e+17	3.425206952287045e+17	2.5275129295392608e+17	0.0	2.883630291408892e+17	3.111016879501848e+17	3.6031319414183475e+17	3.6031319414183475e+17	3.6031319414183475e+17	3.6031319414183475e+17	3.6031319414183475e+17	3.6031319414183475e+17	2.9229848473422835e+17	3.6031319414183475e+17	2.8212805271288515e+17	2.697044529405708e+17	2.586948114071139e+17	2.5555822964516896e+17	3.037750744184765e+17	2.6248702146706973e+17	3.0479356210125504e+17	2.8757148683770995e+17	3.5471599552426854e+17	3.1325008899126816e+17	2.671549431326412e+17	2.8256667075960736e+17	2.3888278813411376e+17	
1.360274566275147e+17	1.360274566275147e+17	1.360274566275147e+17	1.360274566275147e+17	1.360274566275147e+17	1.360274566275147e+17	1.360274566275147e+17	1.360274566275147e+17	1.360274566275147e+17	1.360274566275147e+17	1.360274566275147e+17	1.360274566275147e+17	1.360274566275147e+17	1.360274566275147e+17	1.360274566275147e+17	1.360274566275147e+17	1.360274566275147e+17	1.360274566275147e+17	1.360274566275147e+17	1.360274566275147e+17	1.360274566275147e+17	1.360274566275147e+17	1.360274566275147e+17	1.360274566275147e+17	3.574023195791892e+17	3.024343278194761e+17	3.0925616223615866e+17	1.0474972194132736e+17	1.1285223330968438e+17	4.0659464264497395e+17	3.220900836723942e+17	2.883630291408892e+17	0.0	1.3015267552625224e+17	1.360274566275147e+17	1.360274566275147e+17	1.360274566275147e+17	1.3602745662751467e+17	1.360274566275147e+17	1.3602745662751467e+17	1.11456264007338e+17	1.360274566275147e+17	9.439009860859954e+16	3.359289413806482e+17	3.439629599407266e+17	3.251648056158867e+17	3.7020422102241766e+17	3.2957322051360806e+17	3.887939477847567e+17	3.78019567657201e+17	4.424295206257882e+17	3.663516944927623e+17	3.477932914129454e+17	3.719133206620305e+17	3.0744750723986643e+17	
1.1797337674609357e+17	1.1797337674609357e+17	1.1797337674609357e+17	1.1797337674609357e+17	1.1797337674609357e+17	1.1797337674609357e+17	1.1797337674609357e+17	1.1797337674609357e+17	1.1797337674609357e+17	1.1797337674609357e+17	1.1797337674609357e+17	1.1797337674609357e+17	1.1797337674609357e+17	1.1797337674609357e+17	1.1797337674609357e+17	1.1797337674609357e+17	1.1797337674609357e+17	1.1797337674609357e+17	1.1797337674609357e+17	1.1797337674609357e+17	1.1797337674609357e+17	1.1797337674609357e+17	1.1797337674609357e+17	1.1797337674609357e+17	3.583480161677182e+17	2.991804681354528e+17	3.2260300168211066e+17	1.1447638509959533e+17	1.486699150567506e+17	3.862034099986276e+17	3.1631667481001363e+17	3.111016879501848e+17	1.3015267552625224e+17	0.0	1.1797337674609357e+17	1.1797337674609357e+17	1.1797337674609357e+17	1.1797337674609354e+17	1.1797337674609357e+17	1.1797337674609354e+17	1.2581302816045602e+17	1.1797337674609357e+17	1.3062756942254846e+17	3.296011532331551e+17	3.4814018720578086e+17	3.1903182376896045e+17	3.5495649698064896e+17	3.2338585924519974e+17	3.7099907194094445e+17	3.621223413833277e+17	4.233868606481306e+17	3.6207623251446656e+17	3.5196501807209664e+17	3.675202243054791e+17	3.0693265829327405e+17	
11.405972154259501	11.145990685948183	11.3205937022441	11.453158658724835	11.625127024490288	11.570538585582344	11.329552278555001	11.19330785813883	11.236079840526381	10.97898451299406	11.434763294603465	11.077855098859144	11.404552906062698	10.903218041185614	11.016203407781731	11.042965824065401	11.477626202011319	11.476677832757925	9.061236119761746	8.93399658868638	9.215986014353925	10.69040970232462	10.701809909674887	10.616499912133337	4.016570336412293e+17	3.4579548511776205e+17	3.737198729251005e+17	1.3366533490806534e+17	1.682914339324122e+17	4.262191796961039e+17	3.6947691271184166e+17	3.6031319414183475e+17	1.360274566275147e+17	1.1797337674609357e+17	0.0	10.54592348134855	11.383499026480578	39.02446927217744	13.089622428757576	25.02042570959794	1.3688939643294314e+17	9.191600733631944	1.3211426298812398e+17	3.834602456103048e+17	4.025692343434115e+17	3.714459153790117e+17	3.992253629080331e+17	3.824643837953546e+17	4.211581163190086e+17	4.1978180779267405e+17	4.741546040553058e+17	4.099326097827058e+17	4.0681633451638163e+17	4.1764375821163584e+17	3.5998595325685926e+17	
