0.0	3.658006602477203	3.597969195175406	3.592879894049129	3.5390141736500684	3.6445580237150295	3.4973098509563854	3.3130592576661635	6.123991305736621	5.404419854115447	4.2976255487056125	5.69354998045184	4.228219059716547	5.129444678412637	4.358180101704152	4.179452626634315	3.6605687303723724	3.9858431062227013	4.963747972489802	5.393697049933501	5.437215160448535	3.4462627010944082	3.3800744820030455	3.2825509606996923	3.5257322597783725e+17	2.7081861760690454e+17	3.011321873454022e+17	1.0147993137040382e+17	1.5397325820200586e+17	4.1057148545004614e+17	2.924750441950506e+17	3.291210660145486e+17	7.497097515156438e+16	2.573031982142513e+17	9.757802670096927	7.730670585724103	7.423597183350948	37.11991600752767	14.188348224488086	22.183793155851596	1.072375930762356e+17	5.381339308798671	7.989318677141962e+16	3.0421988291164045e+17	3.023238000908928e+17	2.9099579910843136e+17	3.239087579465396e+17	3.18870662106475e+17	3.4314954889164934e+17	3.60904734238031e+17	3.849452969861188e+17	3.3262329110667085e+17	3.346878880318914e+17	3.310232555597259e+17	2.739536534518839e+17	
3.658006602477203	0.0	1.9647296811517247	2.0701300419692727	1.947532702551691	1.8455375085100476	1.8818902394620367	1.799018252646982	5.918278204932048	5.559291114197724	4.5959015972317205	5.577699832816737	4.531663021717566	5.361475282329748	4.630947123678546	4.4306567846437295	1.8767480980561428	1.8749409456978927	5.505284281099318	5.7259950993618	5.991460667808536	4.459098203664232	4.366604443106716	4.322028773942183	3.5257322597783725e+17	2.7081861760690454e+17	3.011321873454022e+17	1.0147993137040382e+17	1.5397325820200586e+17	4.1057148545004614e+17	2.924750441950506e+17	3.291210660145486e+17	7.497097515156438e+16	2.573031982142513e+17	9.76247216019017	8.085276038819487	7.7626748725516475	36.73440328225466	14.273566057538686	21.909093480956344	1.072375930762356e+17	5.666751583166442	7.989318677141962e+16	3.0421988291164045e+17	3.023238000908928e+17	2.9099579910843136e+17	3.239087579465396e+17	3.18870662106475e+17	3.4314954889164934e+17	3.60904734238031e+17	3.849452969861188e+17	3.3262329110667085e+17	3.346878880318914e+17	3.310232555597259e+17	2.739536534518839e+17	
3.597969195175406	1.9647296811517247	0.0	2.192676829449541	1.9762331971635514	2.091106231281571	1.8061795129596052	1.877580656225593	5.842913831516937	5.604663324877575	4.504217323186816	5.5888690831728915	4.431651906851057	5.337609254835179	4.515430604150718	4.331674747705483	1.905776821485853	2.035930291550417	5.5375729734686825	5.735386798897116	6.0510064752980695	4.341638216266581	4.272434180670745	4.208606305388492	3.5257322597783725e+17	2.7081861760690454e+17	3.011321873454022e+17	1.0147993137040382e+17	1.5397325820200586e+17	4.1057148545004614e+17	2.924750441950506e+17	3.291210660145486e+17	7.497097515156438e+16	2.573031982142513e+17	9.93461284125961	8.007479225917807	7.6699524862429795	36.69692156030419	14.376680987148447	22.049946903525726	1.072375930762356e+17	5.672861718565186	7.989318677141962e+16	3.0421988291164045e+17	3.023238000908928e+17	2.9099579910843136e+17	3.239087579465396e+17	3.18870662106475e+17	3.4314954889164934e+17	3.60904734238031e+17	3.849452969861188e+17	3.3262329110667085e+17	3.346878880318914e+17	3.310232555597259e+17	2.739536534518839e+17	
3.592879894049129	2.0701300419692727	2.192676829449541	0.0	2.196995169820509	2.1830915123207504	2.255041393682657	2.1213420328634585	5.817785055319515	5.559854765217432	4.532650672195443	5.549753299665612	4.516190147260394	5.1482870547744515	4.579965019776215	4.497341511440606	2.1173641287410976	2.25203580075759	5.6384296814895745	5.829153415680032	6.212111725657759	4.466536037686383	4.373179814039639	4.368142017082901	3.5257322597783725e+17	2.7081861760690454e+17	3.011321873454022e+17	1.0147993137040382e+17	1.5397325820200586e+17	4.1057148545004614e+17	2.924750441950506e+17	3.291210660145486e+17	7.497097515156438e+16	2.573031982142513e+17	9.878565755313305	7.9440238715637435	7.746437079008398	36.303155275011726	14.306963467232178	21.530081997087517	1.072375930762356e+17	5.830699563811441	7.989318677141962e+16	3.0421988291164045e+17	3.023238000908928e+17	2.9099579910843136e+17	3.239087579465396e+17	3.18870662106475e+17	3.4314954889164934e+17	3.60904734238031e+17	3.849452969861188e+17	3.3262329110667085e+17	3.346878880318914e+17	3.310232555597259e+17	2.739536534518839e+17	
3.5390141736500684	1.947532702551691	1.9762331971635514	2.196995169820509	0.0	1.8733372807811763	2.0335223032272025	1.876332188722695	6.195064327397659	5.851458788691039	4.7694433410451955	5.910182828665859	4.748414975333856	5.567647285915057	4.826668915211649	4.6938432977009406	1.945401143267141	1.9345133421934555	5.848995804744086	6.169282916435074	6.402425546134855	4.500440058631122	4.432032850622179	4.4019910258985915	3.5257322597783725e+17	2.7081861760690454e+17	3.011321873454022e+17	1.0147993137040382e+17	1.5397325820200586e+17	4.1057148545004614e+17	2.924750441950506e+17	3.291210660145486e+17	7.497097515156438e+16	2.573031982142513e+17	10.203325513859964	8.308034876240788	8.04521449155299	36.64877271497352	14.634719335171257	21.891233488196214	1.072375930762356e+17	6.066233118171357	7.98931867714196e+16	3.0421988291164045e+17	3.023238000908928e+17	2.9099579910843136e+17	3.239087579465396e+17	3.18870662106475e+17	3.4314954889164934e+17	3.60904734238031e+17	3.849452969861188e+17	3.3262329110667085e+17	3.346878880318914e+17	3.310232555597259e+17	2.739536534518839e+17	
3.6445580237150295	1.8455375085100476	2.091106231281571	2.1830915123207504	1.8733372807811763	0.0	2.04629216217955	1.8822665679504051	6.20328477923436	5.837655982821899	4.80490989276479	5.889009530862856	4.7440941878250245	5.582788381781039	4.859110147970473	4.683668466481936	1.9074620187501452	1.963479982603371	5.80753754378859	6.067956525532854	6.321354038015195	4.559610969140312	4.5012759414913175	4.457925833845814	3.5257322597783725e+17	2.7081861760690454e+17	3.011321873454022e+17	1.0147993137040382e+17	1.5397325820200586e+17	4.1057148545004614e+17	2.924750441950506e+17	3.291210660145486e+17	7.497097515156438e+16	2.573031982142513e+17	10.159158919813386	8.248063701846165	8.027310688728337	36.72840676192323	14.557278559041725	21.87620630093764	1.072375930762356e+17	6.053166522802248	7.98931867714196e+16	3.0421988291164045e+17	3.023238000908928e+17	2.9099579910843136e+17	3.239087579465396e+17	3.18870662106475e+17	3.4314954889164934e+17	3.60904734238031e+17	3.849452969861188e+17	3.3262329110667085e+17	3.346878880318914e+17	3.310232555597259e+17	2.739536534518839e+17	
3.4973098509563854	1.8818902394620367	1.8061795129596052	2.255041393682657	2.0335223032272025	2.04629216217955	0.0	1.8767971914244692	5.916049788880966	5.529762087202814	4.523308910912835	5.580399365229587	4.44439268531275	5.362938271998688	4.565905514699368	4.297849469599776	1.867075139753515	1.995538584605802	5.430506039957934	5.721191597649843	5.88584482747596	4.291147015331755	4.218671120113888	4.153082300071607	3.5257322597783725e+17	2.7081861760690454e+17	3.011321873454022e+17	1.0147993137040382e+17	1.5397325820200586e+17	4.1057148545004614e+17	2.924750441950506e+17	3.291210660145486e+17	7.497097515156438e+16	2.573031982142513e+17	9.864279580512795	8.112565853904758	7.678914061059906	36.9609471628229	14.454077943053711	22.122681196144672	1.072375930762356e+17	5.554647999910585	7.989318677141962e+16	3.0421988291164045e+17	3.023238000908928e+17	2.9099579910843136e+17	3.239087579465396e+17	3.18870662106475e+17	3.4314954889164934e+17	3.60904734238031e+17	3.849452969861188e+17	3.3262329110667085e+17	3.346878880318914e+17	3.310232555597259e+17	2.739536534518839e+17	
3.3130592576661635	1.799018252646982	1.877580656225593	2.1213420328634585	1.876332188722695	1.8822665679504051	1.8767971914244692	0.0	5.9567078612454925	5.5621256884164865	4.407427105725333	5.678127034474003	4.327027866906749	5.3173358793148	4.420624139624746	4.21568421492186	1.8954189071514806	1.98301717252257	5.277534111626508	5.592821821448873	5.789017376988247	4.0197702213597974	3.942548494279316	3.9000123735355716	3.5257322597783725e+17	2.7081861760690454e+17	3.011321873454022e+17	1.0147993137040382e+17	1.5397325820200586e+17	4.1057148545004614e+17	2.924750441950506e+17	3.291210660145486e+17	7.497097515156438e+16	2.573031982142513e+17	9.770742046717732	7.8414687520326405	7.721603868139032	36.81829426157392	14.231979414518474	22.101051714463352	1.072375930762356e+17	5.57761741834925	7.989318677141962e+16	3.0421988291164045e+17	3.023238000908928e+17	2.9099579910843136e+17	3.239087579465396e+17	3.18870662106475e+17	3.4314954889164934e+17	3.60904734238031e+17	3.849452969861188e+17	3.3262329110667085e+17	3.346878880318914e+17	3.310232555597259e+17	2.739536534518839e+17	
6.123991305736621	5.918278204932048	5.842913831516937	5.817785055319515	6.195064327397659	6.20328477923436	5.916049788880966	5.9567078612454925	0.0	5.579857435885951	4.595416701292112	4.909402701301456	4.69616436259507	5.234554624293839	4.657079362829733	4.869528296892749	5.981463626271619	6.187898165751566	6.400253593325105	6.495659889285363	6.765314758863466	5.936317682709448	5.807444312207615	5.812556307615882	3.5257322597783725e+17	2.7081861760690454e+17	3.011321873454022e+17	1.0147993137040382e+17	1.5397325820200586e+17	4.1057148545004614e+17	2.924750441950506e+17	3.291210660145486e+17	7.497097515156438e+16	2.573031982142513e+17	9.916191439428367	8.523540943806127	8.079746965003464	36.81268790850747	14.290870462824675	22.60646030512784	1.072375930762356e+17	6.382612230854714	7.989318677141962e+16	3.0421988291164045e+17	3.023238000908928e+17	2.9099579910843136e+17	3.239087579465396e+17	3.18870662106475e+17	3.4314954889164934e+17	3.60904734238031e+17	3.849452969861188e+17	3.3262329110667085e+17	3.346878880318914e+17	3.310232555597259e+17	2.739536534518839e+17	
5.404419854115447	5.559291114197724	5.604663324877575	5.559854765217432	5.851458788691039	5.837655982821899	5.529762087202814	5.5621256884164865	5.579857435885951	0.0	4.790261376619214	4.940668570232124	4.63642404634458	4.503696151812193	4.732076314189889	4.649040006186952	5.744347583169436	5.954640545135334	5.5308106290231	5.772922365391718	5.760469363103677	5.157283433462059	5.0054622627258665	4.956873769974736	3.5257322597783725e+17	2.7081861760690454e+17	3.011321873454022e+17	1.0147993137040382e+17	1.5397325820200586e+17	4.1057148545004614e+17	2.924750441950506e+17	3.291210660145486e+17	7.497097515156438e+16	2.573031982142513e+17	9.37888900605363	8.110725444821693	7.841348391741302	37.43751993533428	13.867689979204018	22.779925581934485	1.072375930762356e+17	5.6733457684024335	7.989318677141962e+16	3.0421988291164045e+17	3.023238000908928e+17	2.9099579910843136e+17	3.239087579465396e+17	3.18870662106475e+17	3.4314954889164934e+17	3.60904734238031e+17	3.849452969861188e+17	3.3262329110667085e+17	3.346878880318914e+17	3.310232555597259e+17	2.739536534518839e+17	
4.2976255487056125	4.5959015972317205	4.504217323186816	4.532650672195443	4.7694433410451955	4.80490989276479	4.523308910912835	4.407427105725333	4.595416701292112	4.790261376619214	0.0	4.655734420184883	3.087022024596645	4.327928169026405	2.9812743089571794	3.079612410056353	4.60576648669719	4.936901373737965	4.835811130482547	5.29340551024695	5.219858939776836	3.6006776195176173	3.448928148569306	3.467053027747065	3.5257322597783725e+17	2.7081861760690454e+17	3.011321873454022e+17	1.0147993137040382e+17	1.5397325820200586e+17	4.1057148545004614e+17	2.924750441950506e+17	3.291210660145486e+17	7.497097515156438e+16	2.573031982142513e+17	9.360381087222363	7.744551243517798	7.325190164030304	37.249952485996445	13.993351186945054	22.85128690977846	1.072375930762356e+17	5.096634368708092	7.989318677141962e+16	3.0421988291164045e+17	3.023238000908928e+17	2.9099579910843136e+17	3.239087579465396e+17	3.18870662106475e+17	3.4314954889164934e+17	3.60904734238031e+17	3.849452969861188e+17	3.3262329110667085e+17	3.346878880318914e+17	3.310232555597259e+17	2.739536534518839e+17	
5.69354998045184	5.577699832816737	5.5888690831728915	5.549753299665612	5.910182828665859	5.889009530862856	5.580399365229587	5.678127034474003	4.909402701301456	4.940668570232124	4.655734420184883	0.0	4.630645729876132	4.858393681812544	4.6645120934502655	4.516316005890498	5.725292776393502	5.931063384438599	5.989710499441893	6.035983596159633	6.270215853636581	5.643837259821689	5.509430072791853	5.435247960224083	3.5257322597783725e+17	2.7081861760690454e+17	3.011321873454022e+17	1.0147993137040382e+17	1.5397325820200586e+17	4.1057148545004614e+17	2.924750441950506e+17	3.291210660145486e+17	7.497097515156438e+16	2.573031982142513e+17	9.70480091505468	8.39672566476107	7.866841359948399	37.09218037329922	14.090647223576662	22.507097597852322	1.072375930762356e+17	6.006155478012052	7.989318677141962e+16	3.0421988291164045e+17	3.023238000908928e+17	2.9099579910843136e+17	3.239087579465396e+17	3.18870662106475e+17	3.4314954889164934e+17	3.60904734238031e+17	3.849452969861188e+17	3.3262329110667085e+17	3.346878880318914e+17	3.310232555597259e+17	2.739536534518839e+17	
4.228219059716547	4.531663021717566	4.431651906851057	4.516190147260394	4.748414975333856	4.7440941878250245	4.44439268531275	4.327027866906749	4.69616436259507	4.63642404634458	3.087022024596645	4.630645729876132	0.0	4.438847308479474	3.0012748868998096	3.073571597583875	4.618167579015613	4.882360204326744	4.553751059553076	4.993302923555555	4.914227989374421	3.645054125825069	3.548467741293509	3.474342714578121	3.5257322597783725e+17	2.7081861760690454e+17	3.011321873454022e+17	1.0147993137040382e+17	1.5397325820200586e+17	4.1057148545004614e+17	2.924750441950506e+17	3.291210660145486e+17	7.497097515156438e+16	2.573031982142513e+17	9.330140999490405	7.4767437078528225	7.2552518996708	37.417112139258094	13.732638505450135	22.905124218919994	1.072375930762356e+17	4.982255291830106	7.989318677141962e+16	3.0421988291164045e+17	3.023238000908928e+17	2.9099579910843136e+17	3.239087579465396e+17	3.18870662106475e+17	3.4314954889164934e+17	3.60904734238031e+17	3.849452969861188e+17	3.3262329110667085e+17	3.346878880318914e+17	3.310232555597259e+17	2.739536534518839e+17	
5.129444678412637	5.361475282329748	5.337609254835179	5.1482870547744515	5.567647285915057	5.582788381781039	5.362938271998688	5.3173358793148	5.234554624293839	4.503696151812193	4.327928169026405	4.858393681812544	4.438847308479474	0.0	4.400344517255332	4.471051029030704	5.402856992715202	5.711104729477794	5.7025052012876065	5.996112299693087	6.073706288744375	4.74537542838674	4.613191126915802	4.648814848349972	3.5257322597783725e+17	2.7081861760690454e+17	3.011321873454022e+17	1.0147993137040382e+17	1.5397325820200586e+17	4.1057148545004614e+17	2.924750441950506e+17	3.291210660145486e+17	7.497097515156438e+16	2.573031982142513e+17	9.551087053490766	7.997347582698463	7.693928105051139	36.46930500491785	14.184668326769778	22.167491729052134	1.072375930762356e+17	5.97807379718121	7.989318677141962e+16	3.0421988291164045e+17	3.023238000908928e+17	2.9099579910843136e+17	3.239087579465396e+17	3.18870662106475e+17	3.4314954889164934e+17	3.60904734238031e+17	3.849452969861188e+17	3.3262329110667085e+17	3.346878880318914e+17	3.310232555597259e+17	2.739536534518839e+17	
4.358180101704152	4.630947123678546	4.515430604150718	4.579965019776215	4.826668915211649	4.859110147970473	4.565905514699368	4.420624139624746	4.657079362829733	4.732076314189889	2.9812743089571794	4.6645120934502655	3.0012748868998096	4.400344517255332	0.0	3.1491257562700006	4.677882989601639	4.957433147549583	4.611441222689693	5.101108048793201	5.071660036998333	3.6937852614665645	3.570589548620223	3.541230412958208	3.5257322597783725e+17	2.7081861760690454e+17	3.011321873454022e+17	1.0147993137040382e+17	1.5397325820200586e+17	4.1057148545004614e+17	2.924750441950506e+17	3.291210660145486e+17	7.497097515156438e+16	2.573031982142513e+17	9.256086082902526	7.496329855298853	7.21855309777533	37.17841772054438	13.71557165723907	22.801966763183188	1.072375930762356e+17	5.063495677164182	7.989318677141962e+16	3.0421988291164045e+17	3.023238000908928e+17	2.9099579910843136e+17	3.239087579465396e+17	3.18870662106475e+17	3.4314954889164934e+17	3.60904734238031e+17	3.849452969861188e+17	3.3262329110667085e+17	3.346878880318914e+17	3.310232555597259e+17	2.739536534518839e+17	
4.179452626634315	4.4306567846437295	4.331674747705483	4.497341511440606	4.6938432977009406	4.683668466481936	4.297849469599776	4.21568421492186	4.869528296892749	4.649040006186952	3.079612410056353	4.516316005890498	3.073571597583875	4.471051029030704	3.1491257562700006	0.0	4.485297081962678	4.794540437940536	4.319755377562547	4.733645439904349	4.551403488898599	3.2916002426726627	3.1183044411335423	3.0817181434459187	3.5257322597783725e+17	2.7081861760690454e+17	3.011321873454022e+17	1.0147993137040382e+17	1.5397325820200586e+17	4.1057148545004614e+17	2.924750441950506e+17	3.291210660145486e+17	7.497097515156438e+16	2.573031982142513e+17	9.066896751676502	7.591866176608883	7.1521591230644015	37.84973480780357	13.77502863110562	23.256482947814686	1.072375930762356e+17	4.4631131901238685	7.989318677141962e+16	3.0421988291164045e+17	3.023238000908928e+17	2.9099579910843136e+17	3.239087579465396e+17	3.18870662106475e+17	3.4314954889164934e+17	3.60904734238031e+17	3.849452969861188e+17	3.3262329110667085e+17	3.346878880318914e+17	3.310232555597259e+17	2.739536534518839e+17	
3.6605687303723724	1.8767480980561428	1.905776821485853	2.1173641287410976	1.945401143267141	1.9074620187501452	1.867075139753515	1.8954189071514806	5.981463626271619	5.744347583169436	4.60576648669719	5.725292776393502	4.618167579015613	5.402856992715202	4.677882989601639	4.485297081962678	0.0	1.9076481248603325	5.732972147139496	6.024644466767879	6.224760371723223	4.431329947982077	4.376726396433267	4.342000062638916	3.5257322597783725e+17	2.7081861760690454e+17	3.011321873454022e+17	1.0147993137040382e+17	1.5397325820200586e+17	4.1057148545004614e+17	2.924750441950506e+17	3.291210660145486e+17	7.497097515156438e+16	2.573031982142513e+17	10.106472793871612	8.26960921414909	7.856369475985285	36.68664258825839	14.687280092278838	21.935440951919354	1.072375930762356e+17	5.8900425463047235	7.989318677141962e+16	3.0421988291164045e+17	3.023238000908928e+17	2.9099579910843136e+17	3.239087579465396e+17	3.18870662106475e+17	3.4314954889164934e+17	3.60904734238031e+17	3.849452969861188e+17	3.3262329110667085e+17	3.346878880318914e+17	3.310232555597259e+17	2.739536534518839e+17	
3.9858431062227013	1.8749409456978927	2.035930291550417	2.25203580075759	1.9345133421934555	1.963479982603371	1.995538584605802	1.98301717252257	6.187898165751566	5.954640545135334	4.936901373737965	5.931063384438599	4.882360204326744	5.711104729477794	4.957433147549583	4.794540437940536	1.9076481248603325	0.0	5.9030563141676256	6.204848136175454	6.428591580447773	4.84163324195541	4.793658872400743	4.747055412817747	3.5257322597783725e+17	2.7081861760690454e+17	3.011321873454022e+17	1.0147993137040382e+17	1.5397325820200586e+17	4.1057148545004614e+17	2.924750441950506e+17	3.291210660145486e+17	7.497097515156438e+16	2.573031982142513e+17	10.182033376016529	8.351828464959016	8.018366653179802	36.57784883437869	14.555154779437661	21.84006650971033	1.072375930762356e+17	6.163599203368238	7.98931867714196e+16	3.0421988291164045e+17	3.023238000908928e+17	2.9099579910843136e+17	3.239087579465396e+17	3.18870662106475e+17	3.4314954889164934e+17	3.60904734238031e+17	3.849452969861188e+17	3.3262329110667085e+17	3.346878880318914e+17	3.310232555597259e+17	2.739536534518839e+17	
4.963747972489802	5.505284281099318	5.5375729734686825	5.6384296814895745	5.848995804744086	5.80753754378859	5.430506039957934	5.277534111626508	6.400253593325105	5.5308106290231	4.835811130482547	5.989710499441893	4.553751059553076	5.7025052012876065	4.611441222689693	4.319755377562547	5.732972147139496	5.9030563141676256	0.0	3.9804138919571392	3.6351264983858034	4.315517873687152	4.234462750339856	4.123435556877423	3.5257322597783725e+17	2.7081861760690454e+17	3.011321873454022e+17	1.0147993137040382e+17	1.5397325820200586e+17	4.1057148545004614e+17	2.924750441950506e+17	3.291210660145486e+17	7.497097515156438e+16	2.573031982142513e+17	7.768980238081618	6.863800668436141	7.004201125181901	37.83881132817925	12.246746837826052	23.141988369097376	1.072375930762356e+17	4.436124183837911	7.989318677141962e+16	3.0421988291164045e+17	3.023238000908928e+17	2.9099579910843136e+17	3.239087579465396e+17	3.18870662106475e+17	3.4314954889164934e+17	3.60904734238031e+17	3.849452969861188e+17	3.3262329110667085e+17	3.346878880318914e+17	3.310232555597259e+17	2.739536534518839e+17	
5.393697049933501	5.7259950993618	5.735386798897116	5.829153415680032	6.169282916435074	6.067956525532854	5.721191597649843	5.592821821448873	6.495659889285363	5.772922365391718	5.29340551024695	6.035983596159633	4.993302923555555	5.996112299693087	5.101108048793201	4.733645439904349	6.024644466767879	6.204848136175454	3.9804138919571392	0.0	4.1698089337536475	5.197867906803852	4.979289149123608	4.855588189823599	3.5257322597783725e+17	2.7081861760690454e+17	3.011321873454022e+17	1.0147993137040382e+17	1.5397325820200586e+17	4.1057148545004614e+17	2.924750441950506e+17	3.291210660145486e+17	7.497097515156438e+16	2.573031982142513e+17	7.969173342556604	7.10792815414636	7.238976020356261	38.2657844517027	12.095757620390076	23.150082192383334	1.072375930762356e+17	3.608042845554157	7.989318677141962e+16	3.0421988291164045e+17	3.023238000908928e+17	2.9099579910843136e+17	3.239087579465396e+17	3.18870662106475e+17	3.4314954889164934e+17	3.60904734238031e+17	3.849452969861188e+17	3.3262329110667085e+17	3.346878880318914e+17	3.310232555597259e+17	2.739536534518839e+17	
5.437215160448535	5.991460667808536	6.0510064752980695	6.212111725657759	6.402425546134855	6.321354038015195	5.88584482747596	5.789017376988247	6.765314758863466	5.760469363103677	5.219858939776836	6.270215853636581	4.914227989374421	6.073706288744375	5.071660036998333	4.551403488898599	6.224760371723223	6.428591580447773	3.6351264983858034	4.1698089337536475	0.0	4.628442993419362	4.528409938005677	4.382651779301758	3.5257322597783725e+17	2.7081861760690454e+17	3.011321873454022e+17	1.0147993137040382e+17	1.5397325820200586e+17	4.1057148545004614e+17	2.924750441950506e+17	3.291210660145486e+17	7.497097515156438e+16	2.573031982142513e+17	8.1716655641161	7.362225072442797	7.415064466362654	38.84338605744058	12.413841797568532	23.949780624689517	1.072375930762356e+17	4.5541410181463995	7.989318677141962e+16	3.0421988291164045e+17	3.023238000908928e+17	2.9099579910843136e+17	3.239087579465396e+17	3.18870662106475e+17	3.4314954889164934e+17	3.60904734238031e+17	3.849452969861188e+17	3.3262329110667085e+17	3.346878880318914e+17	3.310232555597259e+17	2.739536534518839e+17	
3.4462627010944082	4.459098203664232	4.341638216266581	4.466536037686383	4.500440058631122	4.559610969140312	4.291147015331755	4.0197702213597974	5.936317682709448	5.157283433462059	3.6006776195176173	5.643837259821689	3.645054125825069	4.74537542838674	3.6937852614665645	3.2916002426726627	4.431329947982077	4.84163324195541	4.315517873687152	5.197867906803852	4.628442993419362	0.0	0.8548490196533443	0.8822542831191839	3.5257322597783725e+17	2.7081861760690454e+17	3.011321873454022e+17	1.0147993137040382e+17	1.5397325820200586e+17	4.1057148545004614e+17	2.924750441950506e+17	3.291210660145486e+17	7.497097515156438e+16	2.573031982142513e+17	9.498852612734987	7.5424257757292015	7.336567837667886	37.66566290324798	14.423208816538647	23.34842378763303	1.072375930762356e+17	4.858342982915944	7.989318677141962e+16	3.0421988291164045e+17	3.023238000908928e+17	2.9099579910843136e+17	3.239087579465396e+17	3.18870662106475e+17	3.4314954889164934e+17	3.60904734238031e+17	3.849452969861188e+17	3.3262329110667085e+17	3.346878880318914e+17	3.310232555597259e+17	2.739536534518839e+17	
3.3800744820030455	4.366604443106716	4.272434180670745	4.373179814039639	4.432032850622179	4.5012759414913175	4.218671120113888	3.942548494279316	5.807444312207615	5.0054622627258665	3.448928148569306	5.509430072791853	3.548467741293509	4.613191126915802	3.570589548620223	3.1183044411335423	4.376726396433267	4.793658872400743	4.234462750339856	4.979289149123608	4.528409938005677	0.8548490196533443	0.0	0.5611213008678536	3.5257322597783725e+17	2.7081861760690454e+17	3.011321873454022e+17	1.0147993137040382e+17	1.5397325820200586e+17	4.1057148545004614e+17	2.924750441950506e+17	3.291210660145486e+17	7.497097515156438e+16	2.573031982142513e+17	9.27742537173746	7.512874256357719	7.343581105735232	37.78539246275497	14.29626051393486	23.401017341814732	1.072375930762356e+17	4.552222569296655	7.989318677141962e+16	3.0421988291164045e+17	3.023238000908928e+17	2.9099579910843136e+17	3.239087579465396e+17	3.18870662106475e+17	3.4314954889164934e+17	3.60904734238031e+17	3.849452969861188e+17	3.3262329110667085e+17	3.346878880318914e+17	3.310232555597259e+17	2.739536534518839e+17	
3.2825509606996923	4.322028773942183	4.208606305388492	4.368142017082901	4.4019910258985915	4.457925833845814	4.153082300071607	3.9000123735355716	5.812556307615882	4.956873769974736	3.467053027747065	5.435247960224083	3.474342714578121	4.648814848349972	3.541230412958208	3.0817181434459187	4.342000062638916	4.747055412817747	4.123435556877423	4.855588189823599	4.382651779301758	0.8822542831191839	0.5611213008678536	0.0	3.5257322597783725e+17	2.7081861760690454e+17	3.011321873454022e+17	1.0147993137040382e+17	1.5397325820200586e+17	4.1057148545004614e+17	2.924750441950506e+17	3.291210660145486e+17	7.497097515156438e+16	2.573031982142513e+17	9.337044771557052	7.497734209243895	7.215678189702306	37.85897028753743	14.30328580954264	23.43889133540781	1.072375930762356e+17	4.523494402970797	7.989318677141962e+16	3.0421988291164045e+17	3.023238000908928e+17	2.9099579910843136e+17	3.239087579465396e+17	3.18870662106475e+17	3.4314954889164934e+17	3.60904734238031e+17	3.849452969861188e+17	3.3262329110667085e+17	3.346878880318914e+17	3.310232555597259e+17	2.739536534518839e+17	
3.5257322597783725e+17	3.5257322597783725e+17	3.5257322597783725e+17	3.5257322597783725e+17	3.5257322597783725e+17	3.5257322597783725e+17	3.5257322597783725e+17	3.5257322597783725e+17	3.5257322597783725e+17	3.5257322597783725e+17	3.5257322597783725e+17	3.5257322597783725e+17	3.5257322597783725e+17	3.5257322597783725e+17	3.5257322597783725e+17	3.5257322597783725e+17	3.5257322597783725e+17	3.5257322597783725e+17	3.5257322597783725e+17	3.5257322597783725e+17	3.5257322597783725e+17	3.5257322597783725e+17	3.5257322597783725e+17	3.5257322597783725e+17	0.0	2.6939215717091277e+17	3.1201845952365715e+17	3.134846105327653e+17	3.2787006542628685e+17	3.2101830841194534e+17	2.6118277106487757e+17	2.8298219421242518e+17	3.3192414461201536e+17	3.010010436159505e+17	3.5257322597783725e+17	3.5257322597783725e+17	3.5257322597783725e+17	3.5257322597783725e+17	3.5257322597783725e+17	3.5257322597783725e+17	3.144178545926671e+17	3.5257322597783725e+17	3.235272565571838e+17	2.4694984822398445e+17	2.4477694045742358e+17	2.7073079487950688e+17	3.0844791591783046e+17	2.33218873827939e+17	3.1661065988542816e+17	2.547993362850019e+17	2.4019915936563152e+17	2.581150489674941e+17	2.297103685786844e+17	2.5380613066523888e+17	2.3804930125692912e+17	
2.7081861760690454e+17	2.7081861760690454e+17	2.7081861760690454e+17	2.7081861760690454e+17	2.7081861760690454e+17	2.7081861760690454e+17	2.7081861760690454e+17	2.7081861760690454e+17	2.7081861760690454e+17	2.7081861760690454e+17	2.7081861760690454e+17	2.7081861760690454e+17	2.7081861760690454e+17	2.7081861760690454e+17	2.7081861760690454e+17	2.7081861760690454e+17	2.7081861760690454e+17	2.7081861760690454e+17	2.7081861760690454e+17	2.7081861760690454e+17	2.7081861760690454e+17	2.7081861760690454e+17	2.7081861760690454e+17	2.7081861760690454e+17	2.6939215717091277e+17	0.0	2.223029110883801e+17	2.3688514687179005e+17	2.4723242145273533e+17	3.142505940171704e+17	1.952808663961559e+17	2.59940110008902e+17	2.516645024153278e+17	2.8536295214710742e+17	2.7081861760690454e+17	2.7081861760690454e+17	2.7081861760690454e+17	2.7081861760690454e+17	2.7081861760690454e+17	2.7081861760690454e+17	2.3131096757324698e+17	2.7081861760690454e+17	2.4520986278668083e+17	2.0170949095876624e+17	1.9463795664481776e+17	2.0177704118824467e+17	2.3620972629544656e+17	2.09740466423303e+17	2.414624232596591e+17	2.3896683693914502e+17	2.5104638031844355e+17	2.3194323451652525e+17	2.1168758138374163e+17	2.1944344777153597e+17	1.9348932378842243e+17	
3.011321873454022e+17	3.011321873454022e+17	3.011321873454022e+17	3.011321873454022e+17	3.011321873454022e+17	3.011321873454022e+17	3.011321873454022e+17	3.011321873454022e+17	3.011321873454022e+17	3.011321873454022e+17	3.011321873454022e+17	3.011321873454022e+17	3.011321873454022e+17	3.011321873454022e+17	3.011321873454022e+17	3.011321873454022e+17	3.011321873454022e+17	3.011321873454022e+17	3.011321873454022e+17	3.011321873454022e+17	3.011321873454022e+17	3.011321873454022e+17	3.011321873454022e+17	3.011321873454022e+17	3.1201845952365715e+17	2.223029110883801e+17	0.0	2.6770637473268618e+17	2.534462042096201e+17	3.7794711935108256e+17	2.454415117436315e+17	2.8047038463365597e+17	2.7017354265279213e+17	3.157518135464303e+17	3.011321873454022e+17	3.011321873454022e+17	3.011321873454022e+17	3.011321873454022e+17	3.011321873454022e+17	3.011321873454022e+17	2.5883046712990925e+17	3.011321873454022e+17	2.6395671807600822e+17	2.212263953245273e+17	2.207000246717719e+17	2.348125489988837e+17	2.6532475707300816e+17	2.3113899820403174e+17	2.7141617620861043e+17	2.8492996121478154e+17	3.218115807288058e+17	2.6780987011546256e+17	2.279942080002374e+17	2.6415463059297472e+17	2.225961170025974e+17	
1.0147993137040382e+17	1.0147993137040382e+17	1.0147993137040382e+17	1.0147993137040382e+17	1.0147993137040382e+17	1.0147993137040382e+17	1.0147993137040382e+17	1.0147993137040382e+17	1.0147993137040382e+17	1.0147993137040382e+17	1.0147993137040382e+17	1.0147993137040382e+17	1.0147993137040382e+17	1.0147993137040382e+17	1.0147993137040382e+17	1.0147993137040382e+17	1.0147993137040382e+17	1.0147993137040382e+17	1.0147993137040382e+17	1.0147993137040382e+17	1.0147993137040382e+17	1.0147993137040382e+17	1.0147993137040382e+17	1.0147993137040382e+17	3.134846105327653e+17	2.3688514687179005e+17	2.6770637473268618e+17	0.0	1.3893836557398691e+17	3.915410965515785e+17	2.5494716246631635e+17	2.9127060224696896e+17	9.804681688387026e+16	2.2237022107461286e+17	1.0147993137040382e+17	1.0147993137040382e+17	1.0147993137040382e+17	1.0147993137040382e+17	1.0147993137040382e+17	1.0147993137040382e+17	1.063998898249857e+17	1.0147993137040382e+17	9.433654625045309e+16	2.638407805667711e+17	2.627518080960009e+17	2.5298558840578045e+17	3.010362097501357e+17	2.800022260714134e+17	3.1542726128612755e+17	3.167470965524927e+17	3.4296535614280736e+17	3.0490767452893926e+17	2.9570746584272634e+17	3.0030617042701446e+17	2.4228013040762787e+17	
1.5397325820200586e+17	1.5397325820200586e+17	1.5397325820200586e+17	1.5397325820200586e+17	1.5397325820200586e+17	1.5397325820200586e+17	1.5397325820200586e+17	1.5397325820200586e+17	1.5397325820200586e+17	1.5397325820200586e+17	1.5397325820200586e+17	1.5397325820200586e+17	1.5397325820200586e+17	1.5397325820200586e+17	1.5397325820200586e+17	1.5397325820200586e+17	1.5397325820200586e+17	1.5397325820200586e+17	1.5397325820200586e+17	1.5397325820200586e+17	1.5397325820200586e+17	1.5397325820200586e+17	1.5397325820200586e+17	1.5397325820200586e+17	3.2787006542628685e+17	2.4723242145273533e+17	2.534462042096201e+17	1.3893836557398691e+17	0.0	4.266546156055858e+17	2.7590847515535914e+17	2.7294231339506262e+17	1.187319693874985e+17	2.5717245732718176e+17	1.5397325820200586e+17	1.5397325820200586e+17	1.5397325820200586e+17	1.5397325820200586e+17	1.5397325820200586e+17	1.5397325820200586e+17	1.3220551928424709e+17	1.5397325820200586e+17	1.197931270707844e+17	2.8620756763552163e+17	2.7332475500086925e+17	2.6140937279915866e+17	3.235540718909713e+17	2.891693845895296e+17	3.3507563344370726e+17	3.432429378929614e+17	3.6933698775665837e+17	3.2079743960424083e+17	3.04342623862908e+17	3.190299939799688e+17	2.5598724402924854e+17	
4.1057148545004614e+17	4.1057148545004614e+17	4.1057148545004614e+17	4.1057148545004614e+17	4.1057148545004614e+17	4.1057148545004614e+17	4.1057148545004614e+17	4.1057148545004614e+17	4.1057148545004614e+17	4.1057148545004614e+17	4.1057148545004614e+17	4.1057148545004614e+17	4.1057148545004614e+17	4.1057148545004614e+17	4.1057148545004614e+17	4.1057148545004614e+17	4.1057148545004614e+17	4.1057148545004614e+17	4.1057148545004614e+17	4.1057148545004614e+17	4.1057148545004614e+17	4.1057148545004614e+17	4.1057148545004614e+17	4.1057148545004614e+17	3.2101830841194534e+17	3.142505940171704e+17	3.7794711935108256e+17	3.915410965515785e+17	4.266546156055858e+17	0.0	2.760012699751601e+17	3.7564631375634054e+17	4.073541476609406e+17	3.975154603782193e+17	4.1057148545004614e+17	4.1057148545004614e+17	4.1057148545004614e+17	4.1057148545004614e+17	4.1057148545004614e+17	4.1057148545004614e+17	3.9966206209011936e+17	4.1057148545004614e+17	4.04617840951392e+17	2.8437395900184464e+17	2.98858177935118e+17	2.9980147068746835e+17	2.6481144022407834e+17	2.9207244701086445e+17	2.759484420407102e+17	2.707619206081643e+17	2.751966099441197e+17	2.492957212659191e+17	2.9636586484295226e+17	2.3610280600781645e+17	2.850083005833529e+17	
2.924750441950506e+17	2.924750441950506e+17	2.924750441950506e+17	2.924750441950506e+17	2.924750441950506e+17	2.924750441950506e+17	2.924750441950506e+17	2.924750441950506e+17	2.924750441950506e+17	2.924750441950506e+17	2.924750441950506e+17	2.924750441950506e+17	2.924750441950506e+17	2.924750441950506e+17	2.924750441950506e+17	2.924750441950506e+17	2.924750441950506e+17	2.924750441950506e+17	2.924750441950506e+17	2.924750441950506e+17	2.924750441950506e+17	2.924750441950506e+17	2.924750441950506e+17	2.924750441950506e+17	2.6118277106487757e+17	1.952808663961559e+17	2.454415117436315e+17	2.5494716246631635e+17	2.7590847515535914e+17	2.760012699751601e+17	0.0	2.5648836579708224e+17	2.7432648442690634e+17	2.9225104392399514e+17	2.924750441950506e+17	2.924750441950506e+17	2.924750441950506e+17	2.924750441950506e+17	2.924750441950506e+17	2.924750441950506e+17	2.6261238647030122e+17	2.924750441950506e+17	2.689056650620848e+17	1.842898402218664e+17	1.8856788187006106e+17	1.6383768182344656e+17	2.1185537521436797e+17	2.0667045541534877e+17	2.058934592860295e+17	2.0176866939515786e+17	2.273673740684769e+17	2.0770431797601533e+17	2.0093727502796128e+17	1.8316361464861904e+17	1.7523371989877293e+17	
3.291210660145486e+17	3.291210660145486e+17	3.291210660145486e+17	3.291210660145486e+17	3.291210660145486e+17	3.291210660145486e+17	3.291210660145486e+17	3.291210660145486e+17	3.291210660145486e+17	3.291210660145486e+17	3.291210660145486e+17	3.291210660145486e+17	3.291210660145486e+17	3.291210660145486e+17	3.291210660145486e+17	3.291210660145486e+17	3.291210660145486e+17	3.291210660145486e+17	3.291210660145486e+17	3.291210660145486e+17	3.291210660145486e+17	3.291210660145486e+17	3.291210660145486e+17	3.291210660145486e+17	2.8298219421242518e+17	2.59940110008902e+17	2.8047038463365597e+17	2.9127060224696896e+17	2.7294231339506262e+17	3.7564631375634054e+17	2.5648836579708224e+17	0.0	2.9610338722652166e+17	3.2774537743666643e+17	3.291210660145486e+17	3.291210660145486e+17	3.291210660145486e+17	3.291210660145486e+17	3.291210660145486e+17	3.291210660145486e+17	2.862863862910669e+17	3.291210660145486e+17	2.8653166991080208e+17	2.6402412809101162e+17	2.4710218706676083e+17	2.4931458647401136e+17	2.9728998175035776e+17	2.6712756402808627e+17	2.8618076936185174e+17	3.0165159862878234e+17	3.20091030640218e+17	3.040225920512765e+17	2.6640418239126218e+17	2.7346677816052573e+17	2.4595131437845907e+17	
7.497097515156438e+16	7.497097515156438e+16	7.497097515156438e+16	7.497097515156438e+16	7.497097515156438e+16	7.497097515156438e+16	7.497097515156438e+16	7.497097515156438e+16	7.497097515156438e+16	7.497097515156438e+16	7.497097515156438e+16	7.497097515156438e+16	7.497097515156438e+16	7.497097515156438e+16	7.497097515156438e+16	7.497097515156438e+16	7.497097515156438e+16	7.497097515156438e+16	7.497097515156438e+16	7.497097515156438e+16	7.497097515156438e+16	7.497097515156438e+16	7.497097515156438e+16	7.497097515156438e+16	3.3192414461201536e+17	2.516645024153278e+17	2.7017354265279213e+17	9.804681688387026e+16	1.187319693874985e+17	4.073541476609406e+17	2.7432648442690634e+17	2.9610338722652166e+17	0.0	2.448010361626138e+17	7.497097515156438e+16	7.497097515156438e+16	7.497097515156438e+16	7.497097515156438e+16	7.497097515156438e+16	7.497097515156438e+16	9.310717233278064e+16	7.497097515156438e+16	6.8835211528530104e+16	2.8257906241344314e+17	2.7741892879256445e+17	2.6811076554315142e+17	3.1141641266199066e+17	2.9391726683382586e+17	3.27179620222334e+17	3.431530013462437e+17	3.6863721212230125e+17	3.1562029328856275e+17	3.1032217295828704e+17	3.1379413977717555e+17	2.5349871704147232e+17	
2.573031982142513e+17	2.573031982142513e+17	2.573031982142513e+17	2.573031982142513e+17	2.573031982142513e+17	2.573031982142513e+17	2.573031982142513e+17	2.573031982142513e+17	2.573031982142513e+17	2.573031982142513e+17	2.573031982142513e+17	2.573031982142513e+17	2.573031982142513e+17	2.573031982142513e+17	2.573031982142513e+17	2.573031982142513e+17	2.573031982142513e+17	2.573031982142513e+17	2.573031982142513e+17	2.573031982142513e+17	2.573031982142513e+17	2.573031982142513e+17	2.573031982142513e+17	2.573031982142513e+17	3.010010436159505e+17	2.8536295214710742e+17	3.157518135464303e+17	2.2237022107461286e+17	2.5717245732718176e+17	3.975154603782193e+17	2.9225104392399514e+17	3.2774537743666643e+17	2.448010361626138e+17	0.0	2.573031982142513e+17	2.573031982142513e+17	2.573031982142513e+17	2.573031982142513e+17	2.573031982142513e+17	2.573031982142513e+17	2.3701861816754707e+17	2.573031982142513e+17	2.425213302452883e+17	2.8411577777748848e+17	2.893801796373704e+17	2.9717353966485715e+17	3.3768974605662304e+17	2.970318013710398e+17	3.4701105849139974e+17	3.189781823624616e+17	3.350139642955019e+17	3.3854750170574886e+17	3.137231443794236e+17	3.215427937238195e+17	2.8357550088342653e+17	
9.757802670096927	9.76247216019017	9.93461284125961	9.878565755313305	10.203325513859964	10.159158919813386	9.864279580512795	9.770742046717732	9.916191439428367	9.37888900605363	9.360381087222363	9.70480091505468	9.330140999490405	9.551087053490766	9.256086082902526	9.066896751676502	10.106472793871612	10.182033376016529	7.768980238081618	7.969173342556604	8.1716655641161	9.498852612734987	9.27742537173746	9.337044771557052	3.5257322597783725e+17	2.7081861760690454e+17	3.011321873454022e+17	1.0147993137040382e+17	1.5397325820200586e+17	4.1057148545004614e+17	2.924750441950506e+17	3.291210660145486e+17	7.497097515156438e+16	2.573031982142513e+17	0.0	9.428649345550852	10.27899786887779	37.83999959255037	12.017481991350857	23.984886449852944	1.072375930762356e+17	8.213799449418188	7.989318677141962e+16	3.0421988291164045e+17	3.023238000908928e+17	2.9099579910843136e+17	3.239087579465396e+17	3.18870662106475e+17	3.4314954889164934e+17	3.60904734238031e+17	3.849452969861188e+17	3.3262329110667085e+17	3.346878880318914e+17	3.310232555597259e+17	2.739536534518839e+17	
