0.0	0.6734323079223727	0.6990342946196559	0.6869001984566868	0.6088279415033162	0.6259112543485811	0.6531742998819028	0.6081285999155539	1.4164673986842673	1.2572321101917878	1.1245037993077076	1.270321562747123	1.1163496202898293	1.2289975880747097	1.1783445396182788	1.0933164745385697	0.6764237872331271	0.66995688714733	1.2599777818843476	1.4022551871242386	1.5267071930808462	1.3820292343805751	0.8053869161769461	0.7615092939363794	9.24052789847528e+16	6.721645182155973e+16	6.548570210491532e+16	3.8847228028214056e+16	4.5486645304382024e+16	8.628555554831098e+16	8.129673080173427e+16	7.851921704580952e+16	3.083965350508623e+16	1.2680504506234186e+17	2.6238511358070236	2.053901981289001	2.153266174056449	10.79819386995777	3.3057425690120628	6.2001194003064075	4.113694077176763e+16	1.3272466686115663	2.6376289921107396e+16	9.098128780550171e+16	8.736181022919629e+16	7.799188698023957e+16	1.0229088671981792e+17	8.584682698823691e+16	9.991755944115013e+16	9.415028087386342e+16	1.147039721526157e+17	9.823478805637747e+16	8.683630075642094e+16	9.682521040763718e+16	7.096876429068294e+16	
0.6734323079223727	0.0	0.5577579968614895	0.5420253945923662	0.5343632447444301	0.49274395193006987	0.5504969620296938	0.5000120252648756	1.4370403902849072	1.3047427105083895	1.128817376768401	1.3029817397354433	1.1977297135757976	1.2438508768411243	1.173206948723402	1.0603537305463255	0.4881131284259835	0.5149315115532203	1.2311243096473727	1.4663130571018426	1.5230695831081913	1.4134858246381556	0.785432724808801	0.7152632493711638	9.24052789847528e+16	6.721645182155973e+16	6.548570210491532e+16	3.8847228028214056e+16	4.5486645304382024e+16	8.628555554831098e+16	8.129673080173427e+16	7.851921704580952e+16	3.083965350508623e+16	1.2680504506234186e+17	2.634012207552991	2.1213378918068093	2.1782993421435264	10.753584430992463	3.4234250890413818	6.1793696786414	4.113694077176763e+16	1.4969831503466966	2.63762899211074e+16	9.098128780550171e+16	8.736181022919629e+16	7.799188698023957e+16	1.0229088671981792e+17	8.584682698823691e+16	9.991755944115013e+16	9.415028087386342e+16	1.147039721526157e+17	9.823478805637747e+16	8.683630075642094e+16	9.682521040763718e+16	7.096876429068294e+16	
0.6990342946196559	0.5577579968614895	0.0	0.5886473734464226	0.5115920762081155	0.5458760070180103	0.5073703624989822	0.5209537574777768	1.412253958628456	1.271257446056432	1.1017938748741951	1.2972116199714718	1.1397132042515628	1.1975903375047379	1.138699362852869	1.0421489065643363	0.5010613904404045	0.5398177149814399	1.2049486985691635	1.4803307198861277	1.5210990978705465	1.395004871731854	0.8922636259751359	0.8165587238565047	9.24052789847528e+16	6.721645182155973e+16	6.548570210491532e+16	3.8847228028214056e+16	4.5486645304382024e+16	8.628555554831098e+16	8.129673080173427e+16	7.851921704580952e+16	3.083965350508623e+16	1.2680504506234186e+17	2.631136008756065	2.120292708753124	2.164831449409698	10.82200109568589	3.4105607636559743	6.211083690145612	4.113694077176763e+16	1.5154249684570917	2.63762899211074e+16	9.098128780550171e+16	8.736181022919629e+16	7.799188698023957e+16	1.0229088671981792e+17	8.584682698823691e+16	9.991755944115013e+16	9.415028087386342e+16	1.147039721526157e+17	9.823478805637747e+16	8.683630075642094e+16	9.682521040763718e+16	7.096876429068294e+16	
0.6869001984566868	0.5420253945923662	0.5886473734464226	0.0	0.5583223711025666	0.5594925414196023	0.5946743456326675	0.5375930813901564	1.4187580255937755	1.2874309086728255	1.1534824613355017	1.3017757563247965	1.1820430147486147	1.2033233541187853	1.1833260321546109	1.1452559275658494	0.5441793001307131	0.5523878492817019	1.359345534992287	1.5156895987642767	1.6644164348924635	1.4045854539249452	0.8585494717309919	0.8233380451971609	9.24052789847528e+16	6.721645182155973e+16	6.548570210491532e+16	3.8847228028214056e+16	4.5486645304382024e+16	8.628555554831098e+16	8.129673080173427e+16	7.851921704580952e+16	3.083965350508623e+16	1.2680504506234186e+17	2.680203374246776	2.117276649201298	2.167435327679635	10.690125133152481	3.39540198981171	6.110078345292031	4.113694077176763e+16	1.5764656309935376	2.63762899211074e+16	9.098128780550171e+16	8.736181022919629e+16	7.799188698023957e+16	1.0229088671981792e+17	8.584682698823691e+16	9.991755944115013e+16	9.415028087386342e+16	1.147039721526157e+17	9.823478805637747e+16	8.683630075642094e+16	9.682521040763718e+16	7.096876429068294e+16	
0.6088279415033162	0.5343632447444301	0.5115920762081155	0.5583223711025666	0.0	0.536049119220413	0.5802789750429918	0.5063555663483412	1.4698835279019449	1.3544743248304978	1.178828839995997	1.3554549079340108	1.2433637694444801	1.2732444996802554	1.233727288361856	1.1296429889555064	0.5255795241485665	0.5486351082274351	1.3393510549480305	1.5554988880422709	1.635474041016821	1.4649704026695018	0.7295565148471965	0.6799104846231944	9.24052789847528e+16	6.721645182155973e+16	6.548570210491532e+16	3.8847228028214056e+16	4.5486645304382024e+16	8.628555554831098e+16	8.129673080173427e+16	7.851921704580952e+16	3.083965350508623e+16	1.2680504506234186e+17	2.696639583054108	2.1132647122022012	2.203984736986707	10.73468532612652	3.4212253378894255	6.111087627862482	4.113694077176763e+16	1.5747057877597204	2.63762899211074e+16	9.098128780550171e+16	8.736181022919629e+16	7.799188698023957e+16	1.0229088671981792e+17	8.584682698823691e+16	9.991755944115013e+16	9.415028087386342e+16	1.147039721526157e+17	9.823478805637747e+16	8.683630075642094e+16	9.682521040763718e+16	7.096876429068294e+16	
0.6259112543485811	0.49274395193006987	0.5458760070180103	0.5594925414196023	0.536049119220413	0.0	0.566761870236833	0.5112180554386255	1.5351189391678128	1.4074745284077443	1.2512741911808418	1.4027521626191986	1.301575290290322	1.334795634279995	1.292107915711393	1.1621720094716896	0.5173649801937227	0.5399650140128156	1.3675246866597413	1.620656124315834	1.636306126585805	1.4765609869698728	0.7014341229773575	0.6487778210285471	9.24052789847528e+16	6.721645182155973e+16	6.548570210491532e+16	3.8847228028214056e+16	4.5486645304382024e+16	8.628555554831098e+16	8.129673080173427e+16	7.851921704580952e+16	3.083965350508623e+16	1.2680504506234186e+17	2.724402917152403	2.129681645484946	2.2291001127039607	10.699249660339106	3.443156509970721	6.143551485087615	4.113694077176763e+16	1.6164144482964866	2.63762899211074e+16	9.098128780550171e+16	8.736181022919629e+16	7.799188698023957e+16	1.0229088671981792e+17	8.584682698823691e+16	9.991755944115013e+16	9.415028087386342e+16	1.147039721526157e+17	9.823478805637747e+16	8.683630075642094e+16	9.682521040763718e+16	7.096876429068294e+16	
0.6531742998819028	0.5504969620296938	0.5073703624989822	0.5946743456326675	0.5802789750429918	0.566761870236833	0.0	0.5508492776316403	1.4518276502240464	1.3159138802501078	1.14180137765528	1.3112484645465046	1.2074836002602738	1.2662603691635164	1.1911005438604447	1.063092558496293	0.5416555671937068	0.586786180384713	1.273318108910015	1.5126591967328011	1.545950838575625	1.4419630899079756	0.794290844227509	0.7167322319186202	9.24052789847528e+16	6.721645182155973e+16	6.548570210491532e+16	3.8847228028214056e+16	4.5486645304382024e+16	8.628555554831098e+16	8.129673080173427e+16	7.851921704580952e+16	3.083965350508623e+16	1.2680504506234186e+17	2.679097552167218	2.1504821755441315	2.1858461816207373	10.7757542496957	3.458258995006631	6.18899555276322	4.113694077176763e+16	1.495839898637299	2.63762899211074e+16	9.098128780550171e+16	8.736181022919629e+16	7.799188698023957e+16	1.0229088671981792e+17	8.584682698823691e+16	9.991755944115013e+16	9.415028087386342e+16	1.147039721526157e+17	9.823478805637747e+16	8.683630075642094e+16	9.682521040763718e+16	7.096876429068294e+16	
0.6081285999155539	0.5000120252648756	0.5209537574777768	0.5375930813901564	0.5063555663483412	0.5112180554386255	0.5508492776316403	0.0	1.4445273160189744	1.3194476059631377	1.1351504769005736	1.3130280835801542	1.2216847380867484	1.2499119986750256	1.1910761555477416	1.055329886540495	0.5042998620001122	0.5338045973485237	1.243903102355087	1.5010857422319865	1.5470170640712755	1.3834372555029293	0.6884792150821984	0.6360710109403281	9.24052789847528e+16	6.721645182155973e+16	6.548570210491532e+16	3.8847228028214056e+16	4.5486645304382024e+16	8.628555554831098e+16	8.129673080173427e+16	7.851921704580952e+16	3.083965350508623e+16	1.2680504506234186e+17	2.6557886688401435	2.074459572937489	2.1880391565705226	10.767051517264376	3.4049599424700503	6.179273331236268	4.113694077176763e+16	1.4971591052280375	2.63762899211074e+16	9.098128780550171e+16	8.736181022919629e+16	7.799188698023957e+16	1.0229088671981792e+17	8.584682698823691e+16	9.991755944115013e+16	9.415028087386342e+16	1.147039721526157e+17	9.823478805637747e+16	8.683630075642094e+16	9.682521040763718e+16	7.096876429068294e+16	
1.4164673986842673	1.4370403902849072	1.412253958628456	1.4187580255937755	1.4698835279019449	1.5351189391678128	1.4518276502240464	1.4445273160189744	0.0	1.2621012695887994	1.0780476230203404	1.156999570199886	1.09597164881215	1.228212080559735	1.0851811410080818	1.133572034649076	1.5314795366388463	1.516885912452326	1.4807974723977662	1.6231836213810658	1.7196817231825738	1.5324234449876692	1.2780192345062786	1.2918466367364734	9.24052789847528e+16	6.721645182155973e+16	6.548570210491532e+16	3.8847228028214056e+16	4.5486645304382024e+16	8.628555554831098e+16	8.129673080173427e+16	7.851921704580952e+16	3.083965350508623e+16	1.2680504506234186e+17	2.7251051171665805	2.179225996641163	2.265571719645598	11.116048325621522	3.4979275360206743	6.464947095596092	4.113694077176763e+16	1.6518327035306866	2.63762899211074e+16	9.098128780550171e+16	8.736181022919629e+16	7.799188698023957e+16	1.0229088671981792e+17	8.584682698823691e+16	9.991755944115013e+16	9.415028087386342e+16	1.147039721526157e+17	9.823478805637747e+16	8.683630075642094e+16	9.682521040763718e+16	7.096876429068294e+16	
1.2572321101917878	1.3047427105083895	1.271257446056432	1.2874309086728255	1.3544743248304978	1.4074745284077443	1.3159138802501078	1.3194476059631377	1.2621012695887994	0.0	1.1016381063825802	1.1449996438354393	1.0940587195461269	1.0550600467250653	1.1037013232107704	1.0917203198541323	1.3922892283280137	1.400943701240735	1.3630677039628518	1.4154093885086654	1.5316809319583478	1.537681229598329	1.1407520177681043	1.15408008945301	9.24052789847528e+16	6.721645182155973e+16	6.548570210491532e+16	3.8847228028214056e+16	4.5486645304382024e+16	8.628555554831098e+16	8.129673080173427e+16	7.851921704580952e+16	3.083965350508623e+16	1.2680504506234186e+17	2.613724873358613	2.120400175221792	2.2284132936989294	11.010227911943248	3.394754714812974	6.414886394437145	4.113694077176763e+16	1.4539685127019701	2.63762899211074e+16	9.098128780550171e+16	8.736181022919629e+16	7.799188698023957e+16	1.0229088671981792e+17	8.584682698823691e+16	9.991755944115013e+16	9.415028087386342e+16	1.147039721526157e+17	9.823478805637747e+16	8.683630075642094e+16	9.682521040763718e+16	7.096876429068294e+16	
1.1245037993077076	1.128817376768401	1.1017938748741951	1.1534824613355017	1.178828839995997	1.2512741911808418	1.14180137765528	1.1351504769005736	1.0780476230203404	1.1016381063825802	0.0	1.041410511296503	0.7623921861575481	1.0427025002141563	0.7367135184185257	0.7724782804609216	1.234480656103017	1.211560817516181	1.2612465847748435	1.4201433369020475	1.4986482757625121	1.390487942902543	0.9207497827796678	0.942286444863308	9.24052789847528e+16	6.721645182155973e+16	6.548570210491532e+16	3.8847228028214056e+16	4.5486645304382024e+16	8.628555554831098e+16	8.129673080173427e+16	7.851921704580952e+16	3.083965350508623e+16	1.2680504506234186e+17	2.6334590664871795	2.0951249055991954	2.1718726001935176	11.097476282404227	3.361154404153118	6.454404490208535	4.113694077176763e+16	1.4333906246084491	2.6376289921107396e+16	9.098128780550171e+16	8.736181022919629e+16	7.799188698023957e+16	1.0229088671981792e+17	8.584682698823691e+16	9.991755944115013e+16	9.415028087386342e+16	1.147039721526157e+17	9.823478805637747e+16	8.683630075642094e+16	9.682521040763718e+16	7.096876429068294e+16	
1.270321562747123	1.3029817397354433	1.2972116199714718	1.3017757563247965	1.3554549079340108	1.4027521626191986	1.3112484645465046	1.3130280835801542	1.156999570199886	1.1449996438354393	1.041410511296503	0.0	1.038074648964019	1.156640733621108	1.0429090497842526	0.9939441924295592	1.4045350832777117	1.3969889141984462	1.3782639790465987	1.517178161178215	1.592778942625433	1.5599778301093414	1.1382344135401945	1.1497903798619078	9.24052789847528e+16	6.721645182155973e+16	6.548570210491532e+16	3.8847228028214056e+16	4.5486645304382024e+16	8.628555554831098e+16	8.129673080173427e+16	7.851921704580952e+16	3.083965350508623e+16	1.2680504506234186e+17	2.678240026200004	2.1888585413849606	2.2240670246734755	11.088578282359371	3.461945495730152	6.51250008723701	4.113694077176763e+16	1.5578414522831265	2.63762899211074e+16	9.09812878055017e+16	8.736181022919629e+16	7.799188698023957e+16	1.0229088671981792e+17	8.584682698823691e+16	9.991755944115013e+16	9.415028087386342e+16	1.147039721526157e+17	9.823478805637747e+16	8.683630075642094e+16	9.682521040763718e+16	7.096876429068294e+16	
1.1163496202898293	1.1977297135757976	1.1397132042515628	1.1820430147486147	1.2433637694444801	1.301575290290322	1.2074836002602738	1.2216847380867484	1.09597164881215	1.0940587195461269	0.7623921861575481	1.038074648964019	0.0	1.0373555456268078	0.7590984707381732	0.7744965962460588	1.3151284231042362	1.271938767331903	1.2291176744377277	1.3351643554809585	1.4820625894517288	1.3895895461761283	0.9415014786137628	0.942825322553439	9.24052789847528e+16	6.721645182155973e+16	6.548570210491532e+16	3.8847228028214056e+16	4.5486645304382024e+16	8.628555554831098e+16	8.129673080173427e+16	7.851921704580952e+16	3.083965350508623e+16	1.2680504506234186e+17	2.6357408673981264	2.059167089672963	2.1663324709366303	11.091761663608505	3.3583608533817078	6.462969708283837	4.113694077176763e+16	1.3706794621436873	2.63762899211074e+16	9.098128780550171e+16	8.736181022919629e+16	7.799188698023957e+16	1.0229088671981792e+17	8.584682698823691e+16	9.991755944115013e+16	9.415028087386342e+16	1.147039721526157e+17	9.823478805637747e+16	8.683630075642094e+16	9.682521040763718e+16	7.096876429068294e+16	
1.2289975880747097	1.2438508768411243	1.1975903375047379	1.2033233541187853	1.2732444996802554	1.334795634279995	1.2662603691635164	1.2499119986750256	1.228212080559735	1.0550600467250653	1.0427025002141563	1.156640733621108	1.0373555456268078	0.0	1.0329584585861855	1.0961086592932496	1.330310524229508	1.3250150934926925	1.375674629496727	1.4322512058328076	1.5585065507216895	1.4149506693843916	1.1357680345763566	1.147809042605148	9.24052789847528e+16	6.721645182155973e+16	6.548570210491532e+16	3.8847228028214056e+16	4.5486645304382024e+16	8.628555554831098e+16	8.129673080173427e+16	7.851921704580952e+16	3.083965350508623e+16	1.2680504506234186e+17	2.6607181963026485	2.072335141608818	2.172445122133276	10.997703363325382	3.3663063392398227	6.350780872344319	4.113694077176763e+16	1.4786196826148161	2.63762899211074e+16	9.098128780550171e+16	8.736181022919629e+16	7.799188698023957e+16	1.0229088671981792e+17	8.584682698823691e+16	9.991755944115013e+16	9.415028087386342e+16	1.147039721526157e+17	9.823478805637747e+16	8.683630075642094e+16	9.682521040763718e+16	7.096876429068294e+16	
1.1783445396182788	1.173206948723402	1.138699362852869	1.1833260321546109	1.233727288361856	1.292107915711393	1.1911005438604447	1.1910761555477416	1.0851811410080818	1.1037013232107704	0.7367135184185257	1.0429090497842526	0.7590984707381732	1.0329584585861855	0.0	0.810418353130865	1.2956870003633993	1.2550368087868902	1.236523666280559	1.370493190573302	1.4975672883086082	1.3718156356960067	0.970973710973807	0.9855666611704602	9.24052789847528e+16	6.721645182155973e+16	6.548570210491532e+16	3.8847228028214056e+16	4.5486645304382024e+16	8.628555554831098e+16	8.129673080173427e+16	7.851921704580952e+16	3.083965350508623e+16	1.2680504506234186e+17	2.618544335160268	2.062403042686897	2.176086069077208	11.139901996904895	3.331991749541261	6.476116716470079	4.113694077176763e+16	1.4375245707318547	2.6376289921107396e+16	9.098128780550171e+16	8.736181022919629e+16	7.799188698023957e+16	1.0229088671981792e+17	8.584682698823691e+16	9.991755944115013e+16	9.415028087386342e+16	1.147039721526157e+17	9.823478805637747e+16	8.683630075642094e+16	9.682521040763718e+16	7.096876429068294e+16	
1.0933164745385697	1.0603537305463255	1.0421489065643363	1.1452559275658494	1.1296429889555064	1.1621720094716896	1.063092558496293	1.055329886540495	1.133572034649076	1.0917203198541323	0.7724782804609216	0.9939441924295592	0.7744965962460588	1.0961086592932496	0.810418353130865	0.0	1.160765721350603	1.1385493003117084	1.1234188049891558	1.301152033861995	1.3924901747902643	1.3229430848044916	0.8209473147484133	0.814497332176173	9.24052789847528e+16	6.721645182155973e+16	6.548570210491532e+16	3.8847228028214056e+16	4.5486645304382024e+16	8.628555554831098e+16	8.129673080173427e+16	7.851921704580952e+16	3.083965350508623e+16	1.2680504506234186e+17	2.6064820226375285	2.058172655763009	2.1965824230290436	11.160332106815424	3.322115750925111	6.523107156612989	4.113694077176763e+16	1.351962929447261	2.63762899211074e+16	9.098128780550171e+16	8.736181022919629e+16	7.799188698023957e+16	1.0229088671981792e+17	8.584682698823691e+16	9.991755944115013e+16	9.415028087386342e+16	1.147039721526157e+17	9.823478805637747e+16	8.683630075642094e+16	9.682521040763718e+16	7.096876429068294e+16	
0.6764237872331271	0.4881131284259835	0.5010613904404045	0.5441793001307131	0.5255795241485665	0.5173649801937227	0.5416555671937068	0.5042998620001122	1.5314795366388463	1.3922892283280137	1.234480656103017	1.4045350832777117	1.3151284231042362	1.330310524229508	1.2956870003633993	1.160765721350603	0.0	0.5093851659449506	1.3657678748167874	1.6266825562809621	1.6106971018968301	1.4760674981601787	0.7158103227391686	0.6843417294333748	9.24052789847528e+16	6.721645182155973e+16	6.548570210491532e+16	3.8847228028214056e+16	4.5486645304382024e+16	8.628555554831098e+16	8.129673080173427e+16	7.851921704580952e+16	3.083965350508623e+16	1.2680504506234186e+17	2.704966817547603	2.123207058103088	2.2134924304695685	10.762182567453527	3.4763512432325085	6.148248840631279	4.113694077176763e+16	1.5844912298092817	2.63762899211074e+16	9.098128780550171e+16	8.736181022919629e+16	7.799188698023957e+16	1.0229088671981792e+17	8.584682698823691e+16	9.991755944115013e+16	9.415028087386342e+16	1.147039721526157e+17	9.823478805637747e+16	8.683630075642094e+16	9.682521040763718e+16	7.096876429068294e+16	
0.66995688714733	0.5149315115532203	0.5398177149814399	0.5523878492817019	0.5486351082274351	0.5399650140128156	0.586786180384713	0.5338045973485237	1.516885912452326	1.400943701240735	1.211560817516181	1.3969889141984462	1.271938767331903	1.3250150934926925	1.2550368087868902	1.1385493003117084	0.5093851659449506	0.0	1.3240824400329076	1.592734749192083	1.60917947878333	1.451789137669675	0.7886784382941522	0.7353327337249091	9.24052789847528e+16	6.721645182155973e+16	6.548570210491532e+16	3.8847228028214056e+16	4.5486645304382024e+16	8.628555554831098e+16	8.129673080173427e+16	7.851921704580952e+16	3.083965350508623e+16	1.2680504506234186e+17	2.724713152433064	2.13679473519604	2.212934216121064	10.726565548783956	3.4938959672524175	6.132133327467204	4.113694077176763e+16	1.6312469419312687	2.63762899211074e+16	9.098128780550171e+16	8.736181022919629e+16	7.799188698023957e+16	1.0229088671981792e+17	8.584682698823691e+16	9.991755944115013e+16	9.415028087386342e+16	1.147039721526157e+17	9.823478805637747e+16	8.683630075642094e+16	9.682521040763718e+16	7.096876429068294e+16	
1.2599777818843476	1.2311243096473727	1.2049486985691635	1.359345534992287	1.3393510549480305	1.3675246866597413	1.273318108910015	1.243903102355087	1.4807974723977662	1.3630677039628518	1.2612465847748435	1.3782639790465987	1.2291176744377277	1.375674629496727	1.236523666280559	1.1234188049891558	1.3657678748167874	1.3240824400329076	0.0	0.9361185419332883	1.035850565382615	1.3452960804874712	0.9535538649756172	0.9286139935619468	9.24052789847528e+16	6.721645182155973e+16	6.548570210491532e+16	3.8847228028214056e+16	4.5486645304382024e+16	8.628555554831098e+16	8.129673080173427e+16	7.851921704580952e+16	3.083965350508623e+16	1.2680504506234186e+17	2.205611000377894	1.981673520308129	2.0793747666001092	11.071540588252725	3.0774510709914855	6.430880890371738	4.113694077176763e+16	1.0764140466764596	2.6376289921107396e+16	9.09812878055017e+16	8.736181022919629e+16	7.799188698023957e+16	1.0229088671981792e+17	8.584682698823691e+16	9.991755944115013e+16	9.415028087386342e+16	1.147039721526157e+17	9.823478805637747e+16	8.683630075642094e+16	9.682521040763718e+16	7.096876429068294e+16	
1.4022551871242386	1.4663130571018426	1.4803307198861277	1.5156895987642767	1.5554988880422709	1.620656124315834	1.5126591967328011	1.5010857422319865	1.6231836213810658	1.4154093885086654	1.4201433369020475	1.517178161178215	1.3351643554809585	1.4322512058328076	1.370493190573302	1.301152033861995	1.6266825562809621	1.592734749192083	0.9361185419332883	0.0	1.076337183798506	1.3843129136734262	1.0337317279116056	1.0083835056343087	9.24052789847528e+16	6.721645182155973e+16	6.548570210491532e+16	3.8847228028214056e+16	4.5486645304382024e+16	8.628555554831098e+16	8.129673080173427e+16	7.851921704580952e+16	3.083965350508623e+16	1.2680504506234186e+17	2.1893475565847904	1.9539732597502342	2.1487510164444266	11.251896820861434	3.0625131263132688	6.507048748393547	4.113694077176763e+16	0.874719507623091	2.6376289921107396e+16	9.09812878055017e+16	8.736181022919629e+16	7.799188698023957e+16	1.0229088671981792e+17	8.584682698823691e+16	9.991755944115013e+16	9.415028087386342e+16	1.147039721526157e+17	9.823478805637747e+16	8.683630075642094e+16	9.682521040763718e+16	7.096876429068294e+16	
1.5267071930808462	1.5230695831081913	1.5210990978705465	1.6644164348924635	1.635474041016821	1.636306126585805	1.545950838575625	1.5470170640712755	1.7196817231825738	1.5316809319583478	1.4986482757625121	1.592778942625433	1.4820625894517288	1.5585065507216895	1.4975672883086082	1.3924901747902643	1.6106971018968301	1.60917947878333	1.035850565382615	1.076337183798506	0.0	1.5323800165162702	1.1764978680959122	1.1707203012564762	9.24052789847528e+16	6.721645182155973e+16	6.548570210491532e+16	3.8847228028214056e+16	4.5486645304382024e+16	8.628555554831098e+16	8.129673080173427e+16	7.851921704580952e+16	3.083965350508623e+16	1.2680504506234186e+17	2.2828974628651646	2.126157755509048	2.2228727021332197	11.305757959234057	3.090519415162657	6.676977258506061	4.113694077176763e+16	1.2530350299373612	2.6376289921107396e+16	9.09812878055017e+16	8.736181022919629e+16	7.799188698023957e+16	1.0229088671981792e+17	8.584682698823691e+16	9.991755944115013e+16	9.415028087386342e+16	1.147039721526157e+17	9.823478805637747e+16	8.683630075642094e+16	9.682521040763718e+16	7.096876429068294e+16	
1.3820292343805751	1.4134858246381556	1.395004871731854	1.4045854539249452	1.4649704026695018	1.4765609869698728	1.4419630899079756	1.3834372555029293	1.5324234449876692	1.537681229598329	1.390487942902543	1.5599778301093414	1.3895895461761283	1.4149506693843916	1.3718156356960067	1.3229430848044916	1.4760674981601787	1.451789137669675	1.3452960804874712	1.3843129136734262	1.5323800165162702	0.0	1.1396670976957313	1.1407190036407284	9.24052789847528e+16	6.721645182155973e+16	6.548570210491532e+16	3.8847228028214056e+16	4.5486645304382024e+16	8.628555554831098e+16	8.129673080173427e+16	7.851921704580952e+16	3.083965350508623e+16	1.2680504506234186e+17	2.600781431663552	1.9883212837069946	2.191545194056315	10.998897990898165	3.1466727493025415	6.271826423144631	4.113694077176763e+16	1.4773256993639123	2.63762899211074e+16	9.098128780550171e+16	8.736181022919629e+16	7.799188698023957e+16	1.0229088671981792e+17	8.584682698823691e+16	9.991755944115013e+16	9.415028087386342e+16	1.147039721526157e+17	9.823478805637747e+16	8.683630075642094e+16	9.682521040763718e+16	7.096876429068294e+16	
0.8053869161769461	0.785432724808801	0.8922636259751359	0.8585494717309919	0.7295565148471965	0.7014341229773575	0.794290844227509	0.6884792150821984	1.2780192345062786	1.1407520177681043	0.9207497827796678	1.1382344135401945	0.9415014786137628	1.1357680345763566	0.970973710973807	0.8209473147484133	0.7158103227391686	0.7886784382941522	0.9535538649756172	1.0337317279116056	1.1764978680959122	1.1396670976957313	0.0	0.3608096808470479	9.24052789847528e+16	6.721645182155973e+16	6.548570210491532e+16	3.8847228028214056e+16	4.5486645304382024e+16	8.628555554831098e+16	8.129673080173427e+16	7.851921704580952e+16	3.083965350508623e+16	1.2680504506234186e+17	2.5546140936370842	2.054098957995545	2.2308461329059806	10.965991815323976	3.2021298353510943	6.366996992927567	4.113694077176763e+16	1.0655138188580033	2.6376289921107396e+16	9.098128780550171e+16	8.736181022919629e+16	7.799188698023957e+16	1.0229088671981792e+17	8.584682698823691e+16	9.991755944115013e+16	9.415028087386342e+16	1.147039721526157e+17	9.823478805637747e+16	8.683630075642094e+16	9.682521040763718e+16	7.096876429068294e+16	
0.7615092939363794	0.7152632493711638	0.8165587238565047	0.8233380451971609	0.6799104846231944	0.6487778210285471	0.7167322319186202	0.6360710109403281	1.2918466367364734	1.15408008945301	0.942286444863308	1.1497903798619078	0.942825322553439	1.147809042605148	0.9855666611704602	0.814497332176173	0.6843417294333748	0.7353327337249091	0.9286139935619468	1.0083835056343087	1.1707203012564762	1.1407190036407284	0.3608096808470479	0.0	9.24052789847528e+16	6.721645182155973e+16	6.548570210491532e+16	3.8847228028214056e+16	4.5486645304382024e+16	8.628555554831098e+16	8.129673080173427e+16	7.851921704580952e+16	3.083965350508623e+16	1.2680504506234186e+17	2.556995986365195	2.0625424258782403	2.212805201506135	10.968099728487553	3.2113139483781805	6.378881773476283	4.113694077176763e+16	1.0523955730201129	2.6376289921107396e+16	9.098128780550171e+16	8.736181022919629e+16	7.799188698023957e+16	1.0229088671981792e+17	8.584682698823691e+16	9.991755944115013e+16	9.415028087386342e+16	1.147039721526157e+17	9.823478805637747e+16	8.683630075642094e+16	9.682521040763718e+16	7.096876429068294e+16	
9.24052789847528e+16	9.24052789847528e+16	9.24052789847528e+16	9.24052789847528e+16	9.24052789847528e+16	9.24052789847528e+16	9.24052789847528e+16	9.24052789847528e+16	9.24052789847528e+16	9.24052789847528e+16	9.24052789847528e+16	9.24052789847528e+16	9.24052789847528e+16	9.24052789847528e+16	9.24052789847528e+16	9.24052789847528e+16	9.24052789847528e+16	9.24052789847528e+16	9.24052789847528e+16	9.24052789847528e+16	9.24052789847528e+16	9.24052789847528e+16	9.24052789847528e+16	9.24052789847528e+16	0.0	6.7048595894838664e+16	8.196660141562304e+16	8.055459045156696e+16	7.559404684834883e+16	6.892128804521528e+16	6.2115463118512136e+16	7.088489688972971e+16	8.029942171762938e+16	1.0317490145922378e+17	9.24052789847528e+16	9.24052789847528e+16	9.24052789847528e+16	9.240527898475282e+16	9.24052789847528e+16	9.240527898475282e+16	8.224397942834928e+16	9.24052789847528e+16	7.839587947528835e+16	6.190914767787135e+16	6.626086840181932e+16	5.976548463048193e+16	7.552329615188989e+16	5.659570176908706e+16	7.208315244917861e+16	5.564090863068083e+16	6.09597923952138e+16	5.8561592948027256e+16	5.85587492803785e+16	6.4893387084259336e+16	6.2819836554537016e+16	
6.721645182155973e+16	6.721645182155973e+16	6.721645182155973e+16	6.721645182155973e+16	6.721645182155973e+16	6.721645182155973e+16	6.721645182155973e+16	6.721645182155973e+16	6.721645182155973e+16	6.721645182155973e+16	6.721645182155973e+16	6.721645182155973e+16	6.721645182155973e+16	6.721645182155973e+16	6.721645182155973e+16	6.721645182155973e+16	6.721645182155973e+16	6.721645182155973e+16	6.721645182155973e+16	6.721645182155973e+16	6.721645182155973e+16	6.721645182155973e+16	6.721645182155973e+16	6.721645182155973e+16	6.7048595894838664e+16	0.0	5.850817419338435e+16	6.2166441650215576e+16	6.870186301638363e+16	6.338584041222648e+16	5.159630071337971e+16	6.7060498915525896e+16	6.293280154791852e+16	1.1028894992068325e+17	6.721645182155973e+16	6.721645182155973e+16	6.721645182155973e+16	6.721645182155972e+16	6.721645182155973e+16	6.721645182155972e+16	6.37448825046104e+16	6.721645182155973e+16	6.34541785161661e+16	5.514268031096717e+16	5.247811312235215e+16	5.472318724866529e+16	6.026084761244642e+16	6.001957754245123e+16	6.183918190175945e+16	6.135405528336819e+16	7.452923800424531e+16	5.714668555043764e+16	5.347484528063971e+16	5.538458354766463e+16	4.951204575423275e+16	
6.548570210491532e+16	6.548570210491532e+16	6.548570210491532e+16	6.548570210491532e+16	6.548570210491532e+16	6.548570210491532e+16	6.548570210491532e+16	6.548570210491532e+16	6.548570210491532e+16	6.548570210491532e+16	6.548570210491532e+16	6.548570210491532e+16	6.548570210491532e+16	6.548570210491532e+16	6.548570210491532e+16	6.548570210491532e+16	6.548570210491532e+16	6.548570210491532e+16	6.548570210491532e+16	6.548570210491532e+16	6.548570210491532e+16	6.548570210491532e+16	6.548570210491532e+16	6.548570210491532e+16	8.196660141562304e+16	5.850817419338435e+16	0.0	6.775089342303043e+16	6.625281609012537e+16	9.031735769263448e+16	6.1479869424176744e+16	7.540289831605552e+16	6.386546620091489e+16	1.219295929556162e+17	6.548570210491532e+16	6.548570210491532e+16	6.548570210491532e+16	6.548570210491532e+16	6.548570210491533e+16	6.548570210491532e+16	6.478487518077809e+16	6.548570210491532e+16	6.343172043412023e+16	5.686452247745163e+16	5.8763849631574664e+16	6.141972420559461e+16	6.9668997803770264e+16	6.105898041413319e+16	7.063454972878255e+16	7.18263981322597e+16	7.521957810817165e+16	6.630182175090504e+16	5.348530495375274e+16	6.388363255600346e+16	6.2489351756514104e+16	
3.8847228028214056e+16	3.8847228028214056e+16	3.8847228028214056e+16	3.8847228028214056e+16	3.8847228028214056e+16	3.8847228028214056e+16	3.8847228028214056e+16	3.8847228028214056e+16	3.8847228028214056e+16	3.8847228028214056e+16	3.8847228028214056e+16	3.8847228028214056e+16	3.8847228028214056e+16	3.8847228028214056e+16	3.8847228028214056e+16	3.8847228028214056e+16	3.8847228028214056e+16	3.8847228028214056e+16	3.8847228028214056e+16	3.8847228028214056e+16	3.8847228028214056e+16	3.8847228028214056e+16	3.8847228028214056e+16	3.8847228028214056e+16	8.055459045156696e+16	6.2166441650215576e+16	6.775089342303043e+16	0.0	4.112223399999034e+16	7.424467191263869e+16	6.989718242584304e+16	7.443771038989648e+16	3.862943497374145e+16	1.2147090796420331e+17	3.884722802821406e+16	3.8847228028214056e+16	3.8847228028214056e+16	3.884722802821405e+16	3.8847228028214056e+16	3.884722802821405e+16	3.985325225294597e+16	3.8847228028214056e+16	3.646341687578524e+16	7.328349378957486e+16	7.587365588336213e+16	6.775708700897668e+16	8.309704677865456e+16	7.233801745395374e+16	8.685911596067571e+16	7.907194749533552e+16	9.413526115256314e+16	8.482322295821323e+16	7.266161529702738e+16	7.616550936480912e+16	6.180215377163202e+16	
4.5486645304382024e+16	4.5486645304382024e+16	4.5486645304382024e+16	4.5486645304382024e+16	4.5486645304382024e+16	4.5486645304382024e+16	4.5486645304382024e+16	4.5486645304382024e+16	4.5486645304382024e+16	4.5486645304382024e+16	4.5486645304382024e+16	4.5486645304382024e+16	4.5486645304382024e+16	4.5486645304382024e+16	4.5486645304382024e+16	4.5486645304382024e+16	4.5486645304382024e+16	4.5486645304382024e+16	4.5486645304382024e+16	4.5486645304382024e+16	4.5486645304382024e+16	4.5486645304382024e+16	4.5486645304382024e+16	4.5486645304382024e+16	7.559404684834883e+16	6.870186301638363e+16	6.625281609012537e+16	4.112223399999034e+16	0.0	7.568313724242514e+16	7.311229666644086e+16	6.639661873414536e+16	3.4171079236843484e+16	1.2156322801335718e+17	4.5486645304382024e+16	4.5486645304382024e+16	4.5486645304382024e+16	4.5486645304382024e+16	4.5486645304382024e+16	4.5486645304382024e+16	4.716070735590311e+16	4.5486645304382024e+16	3.507626086449712e+16	8.108543165145848e+16	7.721381802561846e+16	7.644248032207762e+16	8.622550534510691e+16	7.570214666490917e+16	9.379094528207406e+16	8.739450660305494e+16	9.639718526923395e+16	9.173523715215694e+16	7.430565673126107e+16	8.412845691593722e+16	6.850509568048876e+16	
8.628555554831098e+16	8.628555554831098e+16	8.628555554831098e+16	8.628555554831098e+16	8.628555554831098e+16	8.628555554831098e+16	8.628555554831098e+16	8.628555554831098e+16	8.628555554831098e+16	8.628555554831098e+16	8.628555554831098e+16	8.628555554831098e+16	8.628555554831098e+16	8.628555554831098e+16	8.628555554831098e+16	8.628555554831098e+16	8.628555554831098e+16	8.628555554831098e+16	8.628555554831098e+16	8.628555554831098e+16	8.628555554831098e+16	8.628555554831098e+16	8.628555554831098e+16	8.628555554831098e+16	6.892128804521528e+16	6.338584041222648e+16	9.031735769263448e+16	7.424467191263869e+16	7.568313724242514e+16	0.0	5.930692090734915e+16	7.63432468630754e+16	7.66929243625891e+16	1.1197977294204459e+17	8.628555554831096e+16	8.628555554831098e+16	8.628555554831098e+16	8.628555554831098e+16	8.628555554831098e+16	8.628555554831098e+16	7.620891230276035e+16	8.628555554831098e+16	7.362387122071094e+16	5.795871700686375e+16	6.1385234076598504e+16	6.255231823779303e+16	6.20518178774105e+16	6.392347419385436e+16	6.177316107752767e+16	6.1254958496735256e+16	6.714958905796687e+16	6.603164518323103e+16	6.687974585456857e+16	5.815053462566536e+16	6.421454661974026e+16	
8.129673080173427e+16	8.129673080173427e+16	8.129673080173427e+16	8.129673080173427e+16	8.129673080173427e+16	8.129673080173427e+16	8.129673080173427e+16	8.129673080173427e+16	8.129673080173427e+16	8.129673080173427e+16	8.129673080173427e+16	8.129673080173427e+16	8.129673080173427e+16	8.129673080173427e+16	8.129673080173427e+16	8.129673080173427e+16	8.129673080173427e+16	8.129673080173427e+16	8.129673080173427e+16	8.129673080173427e+16	8.129673080173427e+16	8.129673080173427e+16	8.129673080173427e+16	8.129673080173427e+16	6.2115463118512136e+16	5.159630071337971e+16	6.1479869424176744e+16	6.989718242584304e+16	7.311229666644086e+16	5.930692090734915e+16	0.0	7.897476968802349e+16	7.653524492388534e+16	1.0735551099703013e+17	8.129673080173427e+16	8.129673080173427e+16	8.129673080173427e+16	8.129673080173427e+16	8.129673080173427e+16	8.129673080173427e+16	7.366481560640128e+16	8.129673080173427e+16	7.49030085409321e+16	5.185634660767559e+16	5.56971619538712e+16	4.449873144786209e+16	5.837752288398054e+16	5.887067567681094e+16	5.513019454822363e+16	5.482551445765009e+16	7.191105207657135e+16	5.844141561616533e+16	5.295573138660753e+16	5.00915810023064e+16	5.004157964770754e+16	
7.851921704580952e+16	7.851921704580952e+16	7.851921704580952e+16	7.851921704580952e+16	7.851921704580952e+16	7.851921704580952e+16	7.851921704580952e+16	7.851921704580952e+16	7.851921704580952e+16	7.851921704580952e+16	7.851921704580952e+16	7.851921704580952e+16	7.851921704580952e+16	7.851921704580952e+16	7.851921704580952e+16	7.851921704580952e+16	7.851921704580952e+16	7.851921704580952e+16	7.851921704580952e+16	7.851921704580952e+16	7.851921704580952e+16	7.851921704580952e+16	7.851921704580952e+16	7.851921704580952e+16	7.088489688972971e+16	6.7060498915525896e+16	7.540289831605552e+16	7.443771038989648e+16	6.639661873414536e+16	7.63432468630754e+16	7.897476968802349e+16	0.0	7.240469868252731e+16	1.212396502795975e+17	7.851921704580952e+16	7.851921704580952e+16	7.851921704580952e+16	7.851921704580952e+16	7.851921704580954e+16	7.851921704580952e+16	6.787374259896824e+16	7.851921704580952e+16	6.778898144547218e+16	6.990380593490169e+16	6.3754294560115e+16	7.316170987653654e+16	7.413540920507392e+16	6.6196221681382744e+16	7.576967398698518e+16	7.027615796386245e+16	8.89454612974882e+16	7.673920626218738e+16	6.8107996804888264e+16	7.254217221601307e+16	6.2920390726628056e+16	
3.083965350508623e+16	3.083965350508623e+16	3.083965350508623e+16	3.083965350508623e+16	3.083965350508623e+16	3.083965350508623e+16	3.083965350508623e+16	3.083965350508623e+16	3.083965350508623e+16	3.083965350508623e+16	3.083965350508623e+16	3.083965350508623e+16	3.083965350508623e+16	3.083965350508623e+16	3.083965350508623e+16	3.083965350508623e+16	3.083965350508623e+16	3.083965350508623e+16	3.083965350508623e+16	3.083965350508623e+16	3.083965350508623e+16	3.083965350508623e+16	3.083965350508623e+16	3.083965350508623e+16	8.029942171762938e+16	6.293280154791852e+16	6.386546620091489e+16	3.862943497374145e+16	3.4171079236843484e+16	7.66929243625891e+16	7.653524492388534e+16	7.240469868252731e+16	0.0	1.2642801838189568e+17	3.083965350508623e+16	3.083965350508623e+16	3.083965350508623e+16	3.0839653505086224e+16	3.0839653505086228e+16	3.0839653505086224e+16	3.950020102381557e+16	3.083965350508623e+16	2.410763590575298e+16	8.218933419704774e+16	8.060018844887782e+16	7.363001766453026e+16	8.750344085336384e+16	7.506341314291694e+16	9.239603766488232e+16	8.658417869399123e+16	1.0079562093489384e+17	9.209773046848186e+16	7.585897797399043e+16	8.362912260936421e+16	6.453669324636441e+16	
1.2680504506234186e+17	1.2680504506234186e+17	1.2680504506234186e+17	1.2680504506234186e+17	1.2680504506234186e+17	1.2680504506234186e+17	1.2680504506234186e+17	1.2680504506234186e+17	1.2680504506234186e+17	1.2680504506234186e+17	1.2680504506234186e+17	1.2680504506234186e+17	1.2680504506234186e+17	1.2680504506234186e+17	1.2680504506234186e+17	1.2680504506234186e+17	1.2680504506234186e+17	1.2680504506234186e+17	1.2680504506234186e+17	1.2680504506234186e+17	1.2680504506234186e+17	1.2680504506234186e+17	1.2680504506234186e+17	1.2680504506234186e+17	1.0317490145922378e+17	1.1028894992068325e+17	1.219295929556162e+17	1.2147090796420331e+17	1.2156322801335718e+17	1.1197977294204459e+17	1.0735551099703013e+17	1.212396502795975e+17	1.2642801838189568e+17	0.0	1.2680504506234186e+17	1.2680504506234186e+17	1.2680504506234186e+17	1.2680504506234184e+17	1.2680504506234186e+17	1.2680504506234186e+17	1.170462075838905e+17	1.2680504506234186e+17	1.254827951638817e+17	1.1155392473449843e+17	1.0709164831391445e+17	1.1438980873944182e+17	1.1911430556757811e+17	1.0863737399946712e+17	1.2372530069236446e+17	1.0994993886715818e+17	1.0672075247232875e+17	1.118479784894878e+17	1.035750477035448e+17	1.0927865459360832e+17	1.0935952730471882e+17	
2.6238511358070236	2.634012207552991	2.631136008756065	2.680203374246776	2.696639583054108	2.724402917152403	2.679097552167218	2.6557886688401435	2.7251051171665805	2.613724873358613	2.6334590664871795	2.678240026200004	2.6357408673981264	2.6607181963026485	2.618544335160268	2.6064820226375285	2.704966817547603	2.724713152433064	2.205611000377894	2.1893475565847904	2.2828974628651646	2.600781431663552	2.5546140936370842	2.556995986365195	9.24052789847528e+16	6.721645182155973e+16	6.548570210491532e+16	3.884722802821406e+16	4.5486645304382024e+16	8.628555554831096e+16	8.129673080173427e+16	7.851921704580952e+16	3.083965350508623e+16	1.2680504506234186e+17	0.0	2.6362123217869886	2.782494823659629	11.34522850989176	3.118861005968176	6.708136440096865	4.113694077176763e+16	2.1765094257765556	2.63762899211074e+16	9.09812878055017e+16	8.736181022919629e+16	7.799188698023957e+16	1.0229088671981792e+17	8.584682698823691e+16	9.991755944115013e+16	9.415028087386342e+16	1.147039721526157e+17	9.823478805637747e+16	8.683630075642094e+16	9.682521040763718e+16	7.096876429068294e+16	
