0.0	0.5885432659332809	0.6450975017389601	0.597309421019296	0.5618253713946344	0.5361503297834459	0.5872239520637612	0.5407632069361412	1.268489337715122	1.2081681408500553	1.074928827396056	1.1041081524060161	1.0906214560359668	1.1989196145943408	1.1335748158402825	0.99314588567866	0.5624376609381951	0.5753734247351505	1.2251893719234273	1.490081422720378	1.5665006780020658	1.4595303681010698	0.741498787873252	0.671897350300101	9.478643647344202e+16	6.993402645464791e+16	6.775702598333445e+16	3.178065375848487e+16	4.622494329778958e+16	8.844691169835685e+16	8.489923271389314e+16	8.251318901684784e+16	3.3218356695455132e+16	6.3267546550692696e+16	2.6245710214080527	2.0821498001901975	2.1744213495803475	10.812875479554142	3.32945692860756	6.130940328810203	3.5379674634587064e+16	1.4016524098296037	2.8794059932193304e+16	9.601578731271706e+16	9.406384866624952e+16	8.211207487600803e+16	1.0765708049055728e+17	8.856869483433968e+16	1.0627025857729304e+17	9.875084439965968e+16	1.2009243187539926e+17	1.0312569955456813e+17	9.147592087897691e+16	1.021608978559457e+17	7.793370941484459e+16	
0.5885432659332809	0.0	0.5625349266583111	0.5494964356373286	0.5340431076594603	0.4899029579367146	0.5585276472719394	0.49308027225358103	1.3661250444632191	1.3079311995770364	1.1579285339597396	1.1869110244767092	1.204941787721456	1.2963528013069276	1.2013036773344337	1.0489216417056784	0.498970090165336	0.5107207330507463	1.1878693196660741	1.4826588641220675	1.5220536438089662	1.4790835144946304	0.8249931142245476	0.7662109676428235	9.478643647344202e+16	6.993402645464791e+16	6.775702598333445e+16	3.178065375848487e+16	4.622494329778958e+16	8.844691169835685e+16	8.489923271389314e+16	8.251318901684784e+16	3.3218356695455132e+16	6.3267546550692696e+16	2.6105926329396474	2.137687319035406	2.1837566506635686	10.8283871815584	3.4000678018882096	6.1396957153028175	3.5379674634587064e+16	1.491359087140841	2.8794059932193304e+16	9.601578731271706e+16	9.406384866624952e+16	8.211207487600803e+16	1.0765708049055728e+17	8.856869483433968e+16	1.0627025857729304e+17	9.875084439965968e+16	1.2009243187539926e+17	1.0312569955456813e+17	9.147592087897691e+16	1.021608978559457e+17	7.793370941484459e+16	
0.6450975017389601	0.5625349266583111	0.0	0.5894852215456826	0.5088264767628299	0.5503615661570456	0.5083766595993526	0.5212989438246194	1.3179104391619696	1.2468969693917782	1.1208095300426397	1.1624464369195437	1.136860187799764	1.2354906507231709	1.1502633523606454	1.0021841721106604	0.5066685371617831	0.5313956907038406	1.1965606910061222	1.530565213035971	1.544907844355066	1.478998133445474	0.9499495563959226	0.8803444728544688	9.478643647344202e+16	6.993402645464791e+16	6.775702598333445e+16	3.178065375848487e+16	4.622494329778958e+16	8.844691169835685e+16	8.489923271389314e+16	8.251318901684784e+16	3.3218356695455132e+16	6.3267546550692696e+16	2.6132448160840993	2.1383436716483613	2.1658415272293743	10.865742082733249	3.399951854798867	6.142960781300074	3.5379674634587064e+16	1.5434496494143897	2.8794059932193304e+16	9.601578731271706e+16	9.406384866624952e+16	8.211207487600803e+16	1.0765708049055728e+17	8.856869483433968e+16	1.0627025857729304e+17	9.875084439965968e+16	1.2009243187539926e+17	1.0312569955456813e+17	9.147592087897691e+16	1.021608978559457e+17	7.793370941484459e+16	
0.597309421019296	0.5494964356373286	0.5894852215456826	0.0	0.5666716576754132	0.557042670675755	0.6067020235289253	0.5367352261557843	1.3593436005711743	1.3063110867489607	1.1658453634003134	1.1997802436526401	1.1975826361099755	1.2876188364934165	1.2075977344237898	1.089194957305652	0.5349493516171552	0.5440162709786049	1.3263857510286285	1.5724238001704136	1.6728442304811302	1.5063638285486474	0.8605446205086895	0.8303590383226501	9.478643647344202e+16	6.993402645464791e+16	6.775702598333445e+16	3.178065375848487e+16	4.622494329778958e+16	8.844691169835685e+16	8.489923271389314e+16	8.251318901684784e+16	3.3218356695455132e+16	6.3267546550692696e+16	2.675153099521757	2.1228926753571886	2.1707424593205444	10.781444566285598	3.3978129568638717	6.074292723723837	3.5379674634587064e+16	1.5928572624979647	2.8794059932193296e+16	9.601578731271706e+16	9.406384866624952e+16	8.211207487600803e+16	1.0765708049055728e+17	8.856869483433968e+16	1.0627025857729304e+17	9.875084439965968e+16	1.2009243187539926e+17	1.0312569955456813e+17	9.147592087897691e+16	1.021608978559457e+17	7.793370941484459e+16	
0.5618253713946344	0.5340431076594603	0.5088264767628299	0.5666716576754132	0.0	0.5496635847969603	0.5925204290120595	0.5167430812968969	1.4004076801598522	1.360051989886658	1.2036017954442173	1.2405111424257977	1.2480055691771996	1.3336800028603384	1.2586029431188939	1.1174226007840402	0.5284030770248318	0.5338324530444876	1.3098860517819122	1.5945314946773816	1.655712704014578	1.5430510649498206	0.7778465307191818	0.7271900451812419	9.478643647344202e+16	6.993402645464791e+16	6.775702598333445e+16	3.178065375848487e+16	4.622494329778958e+16	8.844691169835685e+16	8.489923271389314e+16	8.251318901684784e+16	3.3218356695455132e+16	6.3267546550692696e+16	2.6744388994931536	2.125714090995333	2.203491768309009	10.773723842873872	3.40387460748974	6.065486821694758	3.5379674634587064e+16	1.5897239412354016	2.8794059932193304e+16	9.601578731271706e+16	9.406384866624952e+16	8.211207487600803e+16	1.0765708049055728e+17	8.856869483433968e+16	1.0627025857729304e+17	9.875084439965968e+16	1.2009243187539926e+17	1.0312569955456813e+17	9.147592087897691e+16	1.021608978559457e+17	7.793370941484459e+16	
0.5361503297834459	0.4899029579367146	0.5503615661570456	0.557042670675755	0.5496635847969603	0.0	0.565583004775779	0.5126854848073663	1.4788387847293034	1.4387731823003063	1.2879298474200978	1.3080777590312538	1.328784872703583	1.4260001308885712	1.345184360420005	1.1693795235306905	0.525036196629734	0.5306345540553419	1.3294723896857363	1.6555650119569423	1.6477002350168102	1.551075407235998	0.7059129708360583	0.6588927782951515	9.478643647344202e+16	6.993402645464791e+16	6.775702598333445e+16	3.178065375848487e+16	4.622494329778958e+16	8.844691169835685e+16	8.489923271389314e+16	8.251318901684784e+16	3.3218356695455132e+16	6.3267546550692696e+16	2.690009750805775	2.1372033603314966	2.2234016421839273	10.768379205420821	3.4270079756197704	6.109913077700129	3.5379674634587064e+16	1.6124845458091526	2.87940599321933e+16	9.601578731271706e+16	9.406384866624952e+16	8.211207487600803e+16	1.0765708049055728e+17	8.856869483433968e+16	1.0627025857729304e+17	9.875084439965968e+16	1.2009243187539926e+17	1.0312569955456813e+17	9.147592087897691e+16	1.021608978559457e+17	7.793370941484459e+16	
0.5872239520637612	0.5585276472719394	0.5083766595993526	0.6067020235289253	0.5925204290120595	0.565583004775779	0.0	0.5541048171742362	1.3799822300289215	1.312466744631824	1.1611849557030367	1.2016095621336134	1.218767410789629	1.3173117823791678	1.2244474213358616	1.0555881308521078	0.539357664775721	0.5638835795558191	1.2500039915280494	1.5629443859371313	1.5720366723928194	1.5317730678595605	0.8388657486161013	0.7691237130261358	9.478643647344202e+16	6.993402645464791e+16	6.775702598333445e+16	3.178065375848487e+16	4.622494329778958e+16	8.844691169835685e+16	8.489923271389314e+16	8.251318901684784e+16	3.3218356695455132e+16	6.3267546550692696e+16	2.6625617062049667	2.1637594807915526	2.184360402383218	10.814187654444408	3.441788034234663	6.134206670094282	3.5379674634587064e+16	1.513755308278621	2.87940599321933e+16	9.601578731271706e+16	9.406384866624952e+16	8.211207487600803e+16	1.0765708049055728e+17	8.856869483433968e+16	1.0627025857729304e+17	9.875084439965968e+16	1.2009243187539926e+17	1.0312569955456813e+17	9.147592087897691e+16	1.021608978559457e+17	7.793370941484459e+16	
0.5407632069361412	0.49308027225358103	0.5212989438246194	0.5367352261557843	0.5167430812968969	0.5126854848073663	0.5541048171742362	0.0	1.3606496698997428	1.3359049350336594	1.1583240757194961	1.203543426638264	1.2184444586666652	1.3144949745281727	1.2196843813283886	1.0564035793660735	0.4982124283624829	0.5155123966010331	1.2300793679953186	1.5504704772226612	1.5706328171646484	1.4509956174848484	0.7290926350509427	0.6825339037028565	9.478643647344202e+16	6.993402645464791e+16	6.775702598333445e+16	3.178065375848487e+16	4.622494329778958e+16	8.844691169835685e+16	8.489923271389314e+16	8.251318901684784e+16	3.3218356695455132e+16	6.3267546550692696e+16	2.643119678937606	2.0868815193397303	2.1860252780592884	10.799807398364722	3.385305451455674	6.108321055131926	3.5379674634587064e+16	1.5189288660566016	2.8794059932193304e+16	9.601578731271706e+16	9.406384866624952e+16	8.211207487600803e+16	1.0765708049055728e+17	8.856869483433968e+16	1.0627025857729304e+17	9.875084439965968e+16	1.2009243187539926e+17	1.0312569955456813e+17	9.147592087897691e+16	1.021608978559457e+17	7.793370941484459e+16	
1.268489337715122	1.3661250444632191	1.3179104391619696	1.3593436005711743	1.4004076801598522	1.4788387847293034	1.3799822300289215	1.3606496698997428	0.0	1.089874768007367	0.940102464720321	0.9964052510150073	0.9515385677839089	1.0590757118340899	0.952071752990666	0.9876401350284297	1.4468574098053457	1.413544802922955	1.4570884734667866	1.6347371580133792	1.749359226798092	1.5445175487854144	1.1843078472367572	1.208415867713873	9.478643647344202e+16	6.993402645464791e+16	6.775702598333445e+16	3.178065375848487e+16	4.622494329778958e+16	8.844691169835685e+16	8.489923271389314e+16	8.251318901684784e+16	3.3218356695455132e+16	6.3267546550692696e+16	2.726073741859411	2.17472712211637	2.204534084046627	11.06236786561936	3.4353047178070457	6.313572113131764	3.5379674634587064e+16	1.6371579910909504	2.8794059932193304e+16	9.601578731271706e+16	9.406384866624952e+16	8.211207487600803e+16	1.0765708049055728e+17	8.856869483433968e+16	1.0627025857729304e+17	9.875084439965968e+16	1.2009243187539926e+17	1.0312569955456813e+17	9.147592087897691e+16	1.021608978559457e+17	7.793370941484459e+16	
1.2081681408500553	1.3079311995770364	1.2468969693917782	1.3063110867489607	1.360051989886658	1.4387731823003063	1.312466744631824	1.3359049350336594	1.089874768007367	0.0	0.9804057099359975	0.966143702482526	0.9715277622074593	0.8878574842686761	0.9795340561220448	0.9506905500753673	1.3954173167718826	1.3912754076283256	1.3140771983390198	1.4348504116253946	1.5744818363138777	1.5527445572667349	1.0580070067200344	1.0752176514064382	9.478643647344202e+16	6.993402645464791e+16	6.775702598333445e+16	3.178065375848487e+16	4.622494329778958e+16	8.844691169835685e+16	8.489923271389314e+16	8.251318901684784e+16	3.3218356695455132e+16	6.3267546550692696e+16	2.5813205171657905	2.1426419361551927	2.2122680155284264	11.077056257946234	3.3456898912761264	6.307955957066465	3.5379674634587064e+16	1.4449051735414207	2.8794059932193304e+16	9.601578731271706e+16	9.406384866624952e+16	8.211207487600803e+16	1.0765708049055728e+17	8.856869483433968e+16	1.0627025857729304e+17	9.875084439965968e+16	1.2009243187539926e+17	1.0312569955456813e+17	9.147592087897691e+16	1.021608978559457e+17	7.793370941484459e+16	
1.074928827396056	1.1579285339597396	1.1208095300426397	1.1658453634003134	1.2036017954442173	1.2879298474200978	1.1611849557030367	1.1583240757194961	0.940102464720321	0.9804057099359975	0.0	0.9159151852886744	0.7084272701388157	0.968978978549055	0.7003100968793556	0.7276081579247851	1.255008166551104	1.2284620122954157	1.275121316108903	1.4755711673034981	1.5668896296227148	1.480970680479264	0.9304341652037991	0.9524697816463031	9.478643647344202e+16	6.993402645464791e+16	6.775702598333445e+16	3.178065375848487e+16	4.622494329778958e+16	8.844691169835685e+16	8.489923271389314e+16	8.251318901684784e+16	3.3218356695455132e+16	6.3267546550692696e+16	2.623716235336188	2.100101281437733	2.183641579273639	11.108053972378274	3.2863602871197055	6.3595594004865585	3.5379674634587064e+16	1.4785619502125698	2.8794059932193304e+16	9.601578731271706e+16	9.406384866624952e+16	8.211207487600803e+16	1.0765708049055728e+17	8.856869483433968e+16	1.0627025857729304e+17	9.875084439965968e+16	1.2009243187539926e+17	1.0312569955456813e+17	9.147592087897691e+16	1.021608978559457e+17	7.793370941484459e+16	
1.1041081524060161	1.1869110244767092	1.1624464369195437	1.1997802436526401	1.2405111424257977	1.3080777590312538	1.2016095621336134	1.203543426638264	0.9964052510150073	0.966143702482526	0.9159151852886744	0.0	0.9057589520115638	0.9868196001746011	0.9330957727111424	0.8578148827081774	1.273946053823167	1.2490155540335837	1.2933155541015258	1.5182306424284469	1.6065305101175764	1.6030748927726002	1.0401204486098337	1.044449680421254	9.478643647344202e+16	6.993402645464791e+16	6.775702598333445e+16	3.178065375848487e+16	4.622494329778958e+16	8.844691169835685e+16	8.489923271389314e+16	8.251318901684784e+16	3.3218356695455132e+16	6.3267546550692696e+16	2.6428652287420973	2.1698388429621414	2.1910222375648982	11.061577590488232	3.402138711528366	6.345711175001167	3.5379674634587064e+16	1.5290340651922973	2.8794059932193304e+16	9.601578731271706e+16	9.406384866624952e+16	8.211207487600803e+16	1.0765708049055728e+17	8.856869483433968e+16	1.0627025857729304e+17	9.875084439965968e+16	1.2009243187539926e+17	1.0312569955456813e+17	9.147592087897691e+16	1.021608978559457e+17	7.793370941484459e+16	
1.0906214560359668	1.204941787721456	1.136860187799764	1.1975826361099755	1.2480055691771996	1.328784872703583	1.218767410789629	1.2184444586666652	0.9515385677839089	0.9715277622074593	0.7084272701388157	0.9057589520115638	0.0	0.9623265061992201	0.716765057330784	0.7192996980889211	1.3078672796244748	1.260513320947234	1.2567801969537564	1.412187273042936	1.5717090774737057	1.4695331618550609	0.9463615627208771	0.9467688303379654	9.478643647344202e+16	6.993402645464791e+16	6.775702598333445e+16	3.178065375848487e+16	4.622494329778958e+16	8.844691169835685e+16	8.489923271389314e+16	8.251318901684784e+16	3.3218356695455132e+16	6.3267546550692696e+16	2.6357611185561716	2.0875907042406245	2.147499071192642	11.084959804130921	3.298879403465706	6.3431769965302935	3.5379674634587064e+16	1.425627498180162	2.8794059932193304e+16	9.601578731271706e+16	9.406384866624952e+16	8.211207487600803e+16	1.0765708049055728e+17	8.856869483433968e+16	1.0627025857729304e+17	9.875084439965968e+16	1.2009243187539926e+17	1.0312569955456813e+17	9.147592087897691e+16	1.021608978559457e+17	7.793370941484459e+16	
1.1989196145943408	1.2963528013069276	1.2354906507231709	1.2876188364934165	1.3336800028603384	1.4260001308885712	1.3173117823791678	1.3144949745281727	1.0590757118340899	0.8878574842686761	0.968978978549055	0.9868196001746011	0.9623265061992201	0.0	0.9505794710401244	0.9507446164692058	1.3868266308941892	1.3551459591469446	1.3451506840849907	1.4559872662083264	1.6030168171794348	1.4820600900887555	1.0648310970250143	1.0888754899149418	9.478643647344202e+16	6.993402645464791e+16	6.775702598333445e+16	3.178065375848487e+16	4.622494329778958e+16	8.844691169835685e+16	8.489923271389314e+16	8.251318901684784e+16	3.3218356695455132e+16	6.3267546550692696e+16	2.6042016468126343	2.081273511726145	2.132282620002606	11.075225112925152	3.3120867872283855	6.257133063114179	3.5379674634587064e+16	1.4751897681522008	2.8794059932193296e+16	9.601578731271706e+16	9.406384866624952e+16	8.211207487600803e+16	1.0765708049055728e+17	8.856869483433968e+16	1.0627025857729304e+17	9.875084439965968e+16	1.2009243187539926e+17	1.0312569955456813e+17	9.147592087897691e+16	1.021608978559457e+17	7.793370941484459e+16	
1.1335748158402825	1.2013036773344337	1.1502633523606454	1.2075977344237898	1.2586029431188939	1.345184360420005	1.2244474213358616	1.2196843813283886	0.952071752990666	0.9795340561220448	0.7003100968793556	0.9330957727111424	0.716765057330784	0.9505794710401244	0.0	0.7565996081091217	1.3181190834557721	1.2781873456933535	1.265926589447559	1.4487626513414285	1.5668521589497142	1.4667391470002544	0.9906548731396535	1.009542551411869	9.478643647344202e+16	6.993402645464791e+16	6.775702598333445e+16	3.178065375848487e+16	4.622494329778958e+16	8.844691169835685e+16	8.489923271389314e+16	8.251318901684784e+16	3.3218356695455132e+16	6.3267546550692696e+16	2.612209090435578	2.080860104174185	2.179189635257655	11.137877207032858	3.25550343997355	6.349554839572725	3.5379674634587064e+16	1.4952487411234827	2.8794059932193304e+16	9.601578731271706e+16	9.406384866624952e+16	8.211207487600803e+16	1.0765708049055728e+17	8.856869483433968e+16	1.0627025857729304e+17	9.875084439965968e+16	1.2009243187539926e+17	1.0312569955456813e+17	9.147592087897691e+16	1.021608978559457e+17	7.793370941484459e+16	
0.99314588567866	1.0489216417056784	1.0021841721106604	1.089194957305652	1.1174226007840402	1.1693795235306905	1.0555881308521078	1.0564035793660735	0.9876401350284297	0.9506905500753673	0.7276081579247851	0.8578148827081774	0.7192996980889211	0.9507446164692058	0.7565996081091217	0.0	1.1502085189943942	1.1306335826631853	1.150793534289236	1.3916744683031488	1.4903635385603278	1.4186887175990237	0.825380819911487	0.8292874141467356	9.478643647344202e+16	6.993402645464791e+16	6.775702598333445e+16	3.178065375848487e+16	4.622494329778958e+16	8.844691169835685e+16	8.489923271389314e+16	8.251318901684784e+16	3.3218356695455132e+16	6.3267546550692696e+16	2.588028344910347	2.0803779856174307	2.1736095530510804	11.143820610769337	3.266017048056213	6.373696678051248	3.5379674634587064e+16	1.4010891462238002	2.8794059932193304e+16	9.601578731271706e+16	9.406384866624952e+16	8.211207487600803e+16	1.0765708049055728e+17	8.856869483433968e+16	1.0627025857729304e+17	9.875084439965968e+16	1.2009243187539926e+17	1.0312569955456813e+17	9.147592087897691e+16	1.021608978559457e+17	7.793370941484459e+16	
0.5624376609381951	0.498970090165336	0.5066685371617831	0.5349493516171552	0.5284030770248318	0.525036196629734	0.539357664775721	0.4982124283624829	1.4468574098053457	1.3954173167718826	1.255008166551104	1.273946053823167	1.3078672796244748	1.3868266308941892	1.3181190834557721	1.1502085189943942	0.0	0.5099981768451672	1.3376843956897364	1.6495231801096923	1.63542963341466	1.5383799865583225	0.7468372640891259	0.7144246413986008	9.478643647344202e+16	6.993402645464791e+16	6.775702598333445e+16	3.178065375848487e+16	4.622494329778958e+16	8.844691169835685e+16	8.489923271389314e+16	8.251318901684784e+16	3.3218356695455132e+16	6.3267546550692696e+16	2.6821674394836976	2.142565526963842	2.211756735981841	10.825140006863919	3.4375832241493884	6.093382543184684	3.5379674634587064e+16	1.5829357214071336	2.87940599321933e+16	9.601578731271706e+16	9.406384866624952e+16	8.211207487600803e+16	1.0765708049055728e+17	8.856869483433968e+16	1.0627025857729304e+17	9.875084439965968e+16	1.2009243187539926e+17	1.0312569955456813e+17	9.147592087897691e+16	1.021608978559457e+17	7.793370941484459e+16	
0.5753734247351505	0.5107207330507463	0.5313956907038406	0.5440162709786049	0.5338324530444876	0.5306345540553419	0.5638835795558191	0.5155123966010331	1.413544802922955	1.3912754076283256	1.2284620122954157	1.2490155540335837	1.260513320947234	1.3551459591469446	1.2781873456933535	1.1306335826631853	0.5099981768451672	0.0	1.29563153512199	1.5983180941113968	1.6200572535344773	1.506209362922542	0.805411524117926	0.7518570106182846	9.478643647344202e+16	6.993402645464791e+16	6.775702598333445e+16	3.178065375848487e+16	4.622494329778958e+16	8.844691169835685e+16	8.489923271389314e+16	8.251318901684784e+16	3.3218356695455132e+16	6.3267546550692696e+16	2.6897969081952784	2.142739675096186	2.2032265679953262	10.791726782420698	3.4443722522759828	6.092484231112529	3.5379674634587064e+16	1.6089307957184311	2.87940599321933e+16	9.601578731271706e+16	9.406384866624952e+16	8.211207487600803e+16	1.0765708049055728e+17	8.856869483433968e+16	1.0627025857729304e+17	9.875084439965968e+16	1.2009243187539926e+17	1.0312569955456813e+17	9.147592087897691e+16	1.021608978559457e+17	7.793370941484459e+16	
1.2251893719234273	1.1878693196660741	1.1965606910061222	1.3263857510286285	1.3098860517819122	1.3294723896857363	1.2500039915280494	1.2300793679953186	1.4570884734667866	1.3140771983390198	1.275121316108903	1.2933155541015258	1.2567801969537564	1.3451506840849907	1.265926589447559	1.150793534289236	1.3376843956897364	1.29563153512199	0.0	0.9340975287581449	1.0529882694811319	1.358477940910356	0.9294388213835716	0.8939259128444846	9.478643647344202e+16	6.993402645464793e+16	6.775702598333445e+16	3.178065375848487e+16	4.622494329778958e+16	8.844691169835685e+16	8.489923271389314e+16	8.251318901684784e+16	3.3218356695455132e+16	6.3267546550692696e+16	2.181109627588498	1.9926307410598476	2.1179508071167152	11.111166861242875	3.06457786940746	6.393322797162701	3.5379674634587064e+16	1.0599273471606705	2.8794059932193296e+16	9.601578731271706e+16	9.406384866624952e+16	8.211207487600803e+16	1.0765708049055728e+17	8.856869483433968e+16	1.0627025857729304e+17	9.875084439965968e+16	1.2009243187539926e+17	1.0312569955456813e+17	9.147592087897691e+16	1.021608978559457e+17	7.793370941484459e+16	
1.490081422720378	1.4826588641220675	1.530565213035971	1.5724238001704136	1.5945314946773816	1.6555650119569423	1.5629443859371313	1.5504704772226612	1.6347371580133792	1.4348504116253946	1.4755711673034981	1.5182306424284469	1.412187273042936	1.4559872662083264	1.4487626513414285	1.3916744683031488	1.6495231801096923	1.5983180941113968	0.9340975287581449	0.0	1.0842645237432196	1.4038041787448723	1.0626889089532856	1.0464525716875266	9.478643647344202e+16	6.993402645464793e+16	6.775702598333445e+16	3.178065375848487e+16	4.622494329778958e+16	8.844691169835685e+16	8.489923271389314e+16	8.251318901684784e+16	3.3218356695455132e+16	6.3267546550692696e+16	2.184034991904091	2.001571983815831	2.1923422827364396	11.275410656860686	3.032676916112255	6.4556831936357995	3.5379674634587064e+16	0.8925151767335973	2.8794059932193296e+16	9.601578731271706e+16	9.406384866624952e+16	8.211207487600803e+16	1.0765708049055728e+17	8.856869483433968e+16	1.0627025857729304e+17	9.875084439965968e+16	1.2009243187539926e+17	1.0312569955456813e+17	9.147592087897691e+16	1.021608978559457e+17	7.793370941484459e+16	
1.5665006780020658	1.5220536438089662	1.544907844355066	1.6728442304811302	1.655712704014578	1.6477002350168102	1.5720366723928194	1.5706328171646484	1.749359226798092	1.5744818363138777	1.5668896296227148	1.6065305101175764	1.5717090774737057	1.6030168171794348	1.5668521589497142	1.4903635385603278	1.63542963341466	1.6200572535344773	1.0529882694811319	1.0842645237432196	0.0	1.5158254012820025	1.1935781426091057	1.1840366666957942	9.478643647344202e+16	6.993402645464793e+16	6.775702598333445e+16	3.178065375848487e+16	4.622494329778958e+16	8.844691169835685e+16	8.489923271389315e+16	8.251318901684784e+16	3.3218356695455132e+16	6.3267546550692696e+16	2.2433580788720566	2.1615386181947525	2.2581660838522444	11.36260869542672	3.090023914252502	6.63245584257664	3.5379674634587064e+16	1.2573462247870129	2.8794059932193296e+16	9.601578731271706e+16	9.406384866624952e+16	8.211207487600803e+16	1.0765708049055728e+17	8.856869483433968e+16	1.0627025857729304e+17	9.875084439965968e+16	1.2009243187539926e+17	1.0312569955456813e+17	9.147592087897691e+16	1.021608978559457e+17	7.793370941484459e+16	
1.4595303681010698	1.4790835144946304	1.478998133445474	1.5063638285486474	1.5430510649498206	1.551075407235998	1.5317730678595605	1.4509956174848484	1.5445175487854144	1.5527445572667349	1.480970680479264	1.6030748927726002	1.4695331618550609	1.4820600900887555	1.4667391470002544	1.4186887175990237	1.5383799865583225	1.506209362922542	1.358477940910356	1.4038041787448723	1.5158254012820025	0.0	1.220717094518285	1.2202866549293028	9.478643647344202e+16	6.993402645464791e+16	6.775702598333445e+16	3.178065375848487e+16	4.622494329778958e+16	8.844691169835685e+16	8.489923271389314e+16	8.251318901684784e+16	3.3218356695455132e+16	6.3267546550692696e+16	2.5993849489215286	2.0050035398679	2.2383803066197925	11.119232467983588	3.1003048743710093	6.2405695347795	3.5379674634587064e+16	1.5460447362173604	2.8794059932193304e+16	9.601578731271706e+16	9.406384866624952e+16	8.211207487600803e+16	1.0765708049055728e+17	8.856869483433968e+16	1.0627025857729304e+17	9.875084439965968e+16	1.2009243187539926e+17	1.0312569955456813e+17	9.147592087897691e+16	1.021608978559457e+17	7.793370941484459e+16	
0.741498787873252	0.8249931142245476	0.9499495563959226	0.8605446205086895	0.7778465307191818	0.7059129708360583	0.8388657486161013	0.7290926350509427	1.1843078472367572	1.0580070067200344	0.9304341652037991	1.0401204486098337	0.9463615627208771	1.0648310970250143	0.9906548731396535	0.825380819911487	0.7468372640891259	0.805411524117926	0.9294388213835716	1.0626889089532856	1.1935781426091057	1.220717094518285	0.0	0.5011000607062801	9.478643647344202e+16	6.993402645464791e+16	6.775702598333445e+16	3.178065375848487e+16	4.622494329778958e+16	8.844691169835685e+16	8.489923271389314e+16	8.251318901684784e+16	3.3218356695455132e+16	6.3267546550692696e+16	2.5272268417941777	2.0767596478185317	2.2198483643592724	11.008266526630313	3.166091699186463	6.307767537343553	3.5379674634587064e+16	1.06647407929363	2.8794059932193296e+16	9.601578731271706e+16	9.40638486662495e+16	8.211207487600803e+16	1.0765708049055728e+17	8.856869483433968e+16	1.0627025857729304e+17	9.875084439965968e+16	1.2009243187539926e+17	1.0312569955456813e+17	9.147592087897691e+16	1.021608978559457e+17	7.793370941484459e+16	
0.671897350300101	0.7662109676428235	0.8803444728544688	0.8303590383226501	0.7271900451812419	0.6588927782951515	0.7691237130261358	0.6825339037028565	1.208415867713873	1.0752176514064382	0.9524697816463031	1.044449680421254	0.9467688303379654	1.0888754899149418	1.009542551411869	0.8292874141467356	0.7144246413986008	0.7518570106182846	0.8939259128444846	1.0464525716875266	1.1840366666957942	1.2202866549293028	0.5011000607062801	0.0	9.478643647344202e+16	6.993402645464791e+16	6.775702598333445e+16	3.178065375848487e+16	4.622494329778958e+16	8.844691169835685e+16	8.489923271389314e+16	8.251318901684784e+16	3.3218356695455132e+16	6.3267546550692696e+16	2.527424238996916	2.078582751119335	2.196030710457841	11.008386535730889	3.1695840071635613	6.323924259894883	3.5379674634587064e+16	1.055278919011621	2.8794059932193296e+16	9.601578731271706e+16	9.40638486662495e+16	8.211207487600803e+16	1.0765708049055728e+17	8.856869483433968e+16	1.0627025857729304e+17	9.875084439965968e+16	1.2009243187539926e+17	1.0312569955456813e+17	9.147592087897691e+16	1.021608978559457e+17	7.793370941484459e+16	
9.478643647344202e+16	9.478643647344202e+16	9.478643647344202e+16	9.478643647344202e+16	9.478643647344202e+16	9.478643647344202e+16	9.478643647344202e+16	9.478643647344202e+16	9.478643647344202e+16	9.478643647344202e+16	9.478643647344202e+16	9.478643647344202e+16	9.478643647344202e+16	9.478643647344202e+16	9.478643647344202e+16	9.478643647344202e+16	9.478643647344202e+16	9.478643647344202e+16	9.478643647344202e+16	9.478643647344202e+16	9.478643647344202e+16	9.478643647344202e+16	9.478643647344202e+16	9.478643647344202e+16	0.0	6.791402354923121e+16	8.470263497028413e+16	8.016201421267642e+16	7.686595573785886e+16	6.723360975812784e+16	6.261614680335578e+16	7.216867346037918e+16	8.191808379532445e+16	8.695163613795877e+16	9.478643647344202e+16	9.478643647344202e+16	9.478643647344202e+16	9.478643647344202e+16	9.478643647344203e+16	9.478643647344203e+16	8.326815737687597e+16	9.478643647344202e+16	7.983823894127043e+16	6.328759745604269e+16	6.804484308074219e+16	6.04948722093737e+16	7.415020943567677e+16	5.723597079259846e+16	7.272990019269427e+16	5.606559183777204e+16	6.209733584412647e+16	5.891441698508648e+16	5.88760082431762e+16	6.6707386324553736e+16	6.399050226861502e+16	
6.993402645464791e+16	6.993402645464791e+16	6.993402645464791e+16	6.993402645464791e+16	6.993402645464791e+16	6.993402645464791e+16	6.993402645464791e+16	6.993402645464791e+16	6.993402645464791e+16	6.993402645464791e+16	6.993402645464791e+16	6.993402645464791e+16	6.993402645464791e+16	6.993402645464791e+16	6.993402645464791e+16	6.993402645464791e+16	6.993402645464791e+16	6.993402645464791e+16	6.993402645464793e+16	6.993402645464793e+16	6.993402645464793e+16	6.993402645464791e+16	6.993402645464791e+16	6.993402645464791e+16	6.791402354923121e+16	0.0	6.0162558138716424e+16	6.31516690141592e+16	6.969804453487774e+16	6.278222996152305e+16	5.318963093395069e+16	6.758281182878155e+16	6.5129201291949864e+16	6.927613899137685e+16	6.993402645464793e+16	6.993402645464791e+16	6.993402645464793e+16	6.993402645464791e+16	6.99340264546479e+16	6.993402645464793e+16	6.767245059133369e+16	6.993402645464793e+16	6.516798097967091e+16	5.615531697432773e+16	5.45110599003866e+16	5.6688302454185064e+16	6.153659278940224e+16	6.156631033124403e+16	6.40188575545565e+16	6.189824462037829e+16	7.615444846321643e+16	5.817383009843368e+16	5.3574076609474616e+16	5.740392482882477e+16	5.126564541132092e+16	
6.775702598333445e+16	6.775702598333445e+16	6.775702598333445e+16	6.775702598333445e+16	6.775702598333445e+16	6.775702598333445e+16	6.775702598333445e+16	6.775702598333445e+16	6.775702598333445e+16	6.775702598333445e+16	6.775702598333445e+16	6.775702598333445e+16	6.775702598333445e+16	6.775702598333445e+16	6.775702598333445e+16	6.775702598333445e+16	6.775702598333445e+16	6.775702598333445e+16	6.775702598333445e+16	6.775702598333445e+16	6.775702598333445e+16	6.775702598333445e+16	6.775702598333445e+16	6.775702598333445e+16	8.470263497028413e+16	6.0162558138716424e+16	0.0	6.885987398356732e+16	6.8580118849170616e+16	9.1053150403074e+16	6.287574326536261e+16	7.534878501392859e+16	6.595573830090737e+16	7.300221697883994e+16	6.775702598333445e+16	6.775702598333445e+16	6.775702598333445e+16	6.7757025983334456e+16	6.775702598333445e+16	6.775702598333445e+16	6.65594179770076e+16	6.775702598333445e+16	6.5731953874656376e+16	5.784029272096908e+16	5.9925292828501576e+16	6.2372968032117544e+16	7.156032515559446e+16	6.204106253921921e+16	7.18674144381064e+16	7.449202360775202e+16	7.702833682665134e+16	6.796487708700194e+16	5.360328548257944e+16	6.354021819548164e+16	6.109197685874203e+16	
3.178065375848487e+16	3.178065375848487e+16	3.178065375848487e+16	3.178065375848487e+16	3.178065375848487e+16	3.178065375848487e+16	3.178065375848487e+16	3.178065375848487e+16	3.178065375848487e+16	3.178065375848487e+16	3.178065375848487e+16	3.178065375848487e+16	3.178065375848487e+16	3.178065375848487e+16	3.178065375848487e+16	3.178065375848487e+16	3.178065375848487e+16	3.178065375848487e+16	3.178065375848487e+16	3.178065375848487e+16	3.178065375848487e+16	3.178065375848487e+16	3.178065375848487e+16	3.178065375848487e+16	8.016201421267642e+16	6.31516690141592e+16	6.885987398356732e+16	0.0	3.701307677668509e+16	7.524157873720986e+16	7.168361488968279e+16	7.648410617490363e+16	3.3929689523776012e+16	5.441157628509025e+16	3.178065375848487e+16	3.1780653758484868e+16	3.178065375848487e+16	3.1780653758484864e+16	3.178065375848487e+16	3.1780653758484868e+16	3.1109542770502412e+16	3.178065375848487e+16	2.961856046599434e+16	7.823626808010291e+16	8.202137692464923e+16	7.025643473370479e+16	8.649769694684232e+16	7.472301352623568e+16	9.042367574325392e+16	8.362697164314086e+16	9.754722757241659e+16	9.176727983144928e+16	7.810675062472653e+16	7.978151552885733e+16	6.4159046674092344e+16	
4.622494329778958e+16	4.622494329778958e+16	4.622494329778958e+16	4.622494329778958e+16	4.622494329778958e+16	4.622494329778958e+16	4.622494329778958e+16	4.622494329778958e+16	4.622494329778958e+16	4.622494329778958e+16	4.622494329778958e+16	4.622494329778958e+16	4.622494329778958e+16	4.622494329778958e+16	4.622494329778958e+16	4.622494329778958e+16	4.622494329778958e+16	4.622494329778958e+16	4.622494329778958e+16	4.622494329778958e+16	4.622494329778958e+16	4.622494329778958e+16	4.622494329778958e+16	4.622494329778958e+16	7.686595573785886e+16	6.969804453487774e+16	6.8580118849170616e+16	3.701307677668509e+16	0.0	7.756764267819998e+16	7.537136201438811e+16	6.893549635552721e+16	3.434278762560389e+16	5.641948362228072e+16	4.622494329778959e+16	4.622494329778959e+16	4.622494329778959e+16	4.62249432977896e+16	4.622494329778959e+16	4.622494329778959e+16	3.889618111557241e+16	4.622494329778958e+16	3.5153034998314576e+16	8.447685249777923e+16	8.140690060730571e+16	7.977069654552029e+16	8.99440102443848e+16	7.735826346931362e+16	9.85514358440362e+16	9.118273928509334e+16	1.0008447354587899e+17	9.574061414893784e+16	7.791234896501757e+16	8.7822911175853e+16	7.1307949278973176e+16	
8.844691169835685e+16	8.844691169835685e+16	8.844691169835685e+16	8.844691169835685e+16	8.844691169835685e+16	8.844691169835685e+16	8.844691169835685e+16	8.844691169835685e+16	8.844691169835685e+16	8.844691169835685e+16	8.844691169835685e+16	8.844691169835685e+16	8.844691169835685e+16	8.844691169835685e+16	8.844691169835685e+16	8.844691169835685e+16	8.844691169835685e+16	8.844691169835685e+16	8.844691169835685e+16	8.844691169835685e+16	8.844691169835685e+16	8.844691169835685e+16	8.844691169835685e+16	8.844691169835685e+16	6.723360975812784e+16	6.278222996152305e+16	9.1053150403074e+16	7.524157873720986e+16	7.756764267819998e+16	0.0	5.872246041939065e+16	7.54163420327914e+16	7.837780869398323e+16	8.62384905039786e+16	8.844691169835685e+16	8.844691169835685e+16	8.844691169835685e+16	8.844691169835685e+16	8.844691169835685e+16	8.844691169835685e+16	8.086508429876869e+16	8.844691169835685e+16	7.628481756123995e+16	5.855780346170784e+16	6.135856763017314e+16	6.206236857042023e+16	6.0507059002886184e+16	6.405368769627448e+16	6.038899989641927e+16	6.0957504024425e+16	6.7234887781779224e+16	6.565749262152804e+16	6.601543470969833e+16	5.820319908352504e+16	6.461854251483273e+16	
8.489923271389314e+16	8.489923271389314e+16	8.489923271389314e+16	8.489923271389314e+16	8.489923271389314e+16	8.489923271389314e+16	8.489923271389314e+16	8.489923271389314e+16	8.489923271389314e+16	8.489923271389314e+16	8.489923271389314e+16	8.489923271389314e+16	8.489923271389314e+16	8.489923271389314e+16	8.489923271389314e+16	8.489923271389314e+16	8.489923271389314e+16	8.489923271389314e+16	8.489923271389314e+16	8.489923271389314e+16	8.489923271389315e+16	8.489923271389314e+16	8.489923271389314e+16	8.489923271389314e+16	6.261614680335578e+16	5.318963093395069e+16	6.287574326536261e+16	7.168361488968279e+16	7.537136201438811e+16	5.872246041939065e+16	0.0	7.793605643634878e+16	7.95528681466067e+16	8.200859498334587e+16	8.489923271389314e+16	8.489923271389314e+16	8.489923271389314e+16	8.489923271389315e+16	8.489923271389314e+16	8.489923271389315e+16	8.03074600164837e+16	8.489923271389315e+16	7.777737592971648e+16	5.261068388759027e+16	5.660644345092661e+16	4.547818989722469e+16	5.926904796931803e+16	6.1260302098832696e+16	5.556723762593261e+16	5.6027533259936824e+16	7.383861283199294e+16	6.014734450776341e+16	5.434802761296145e+16	5.142874207398328e+16	5.152923673836828e+16	
8.251318901684784e+16	8.251318901684784e+16	8.251318901684784e+16	8.251318901684784e+16	8.251318901684784e+16	8.251318901684784e+16	8.251318901684784e+16	8.251318901684784e+16	8.251318901684784e+16	8.251318901684784e+16	8.251318901684784e+16	8.251318901684784e+16	8.251318901684784e+16	8.251318901684784e+16	8.251318901684784e+16	8.251318901684784e+16	8.251318901684784e+16	8.251318901684784e+16	8.251318901684784e+16	8.251318901684784e+16	8.251318901684784e+16	8.251318901684784e+16	8.251318901684784e+16	8.251318901684784e+16	7.216867346037918e+16	6.758281182878155e+16	7.534878501392859e+16	7.648410617490363e+16	6.893549635552721e+16	7.54163420327914e+16	7.793605643634878e+16	0.0	7.434317648376893e+16	8.528532385500835e+16	8.251318901684784e+16	8.251318901684784e+16	8.251318901684784e+16	8.251318901684784e+16	8.251318901684784e+16	8.251318901684784e+16	7.239022794169701e+16	8.251318901684784e+16	6.97264488236974e+16	7.084827550304577e+16	6.425901439583696e+16	7.342692124270306e+16	7.326483925215818e+16	6.570748218793854e+16	7.627987156778283e+16	7.016321398164306e+16	9.143687090687107e+16	7.79324436394647e+16	6.7565312912397944e+16	7.354693560351941e+16	6.280563296500856e+16	
3.3218356695455132e+16	3.3218356695455132e+16	3.3218356695455132e+16	3.3218356695455132e+16	3.3218356695455132e+16	3.3218356695455132e+16	3.3218356695455132e+16	3.3218356695455132e+16	3.3218356695455132e+16	3.3218356695455132e+16	3.3218356695455132e+16	3.3218356695455132e+16	3.3218356695455132e+16	3.3218356695455132e+16	3.3218356695455132e+16	3.3218356695455132e+16	3.3218356695455132e+16	3.3218356695455132e+16	3.3218356695455132e+16	3.3218356695455132e+16	3.3218356695455132e+16	3.3218356695455132e+16	3.3218356695455132e+16	3.3218356695455132e+16	8.191808379532445e+16	6.5129201291949864e+16	6.595573830090737e+16	3.3929689523776012e+16	3.434278762560389e+16	7.837780869398323e+16	7.95528681466067e+16	7.434317648376893e+16	0.0	5.9141490059660424e+16	3.3218356695455132e+16	3.3218356695455132e+16	3.3218356695455132e+16	3.3218356695455132e+16	3.3218356695455132e+16	3.3218356695455132e+16	2.943790101658704e+16	3.3218356695455132e+16	2.585754170332714e+16	8.580682620601784e+16	8.511623686196914e+16	7.797776639245845e+16	9.10935430430149e+16	7.680954664490128e+16	9.712208047890304e+16	9.042751531838694e+16	1.0474255669706918e+17	9.604440895400176e+16	7.907461970678619e+16	8.73448844430189e+16	6.759520710311341e+16	
6.3267546550692696e+16	6.3267546550692696e+16	6.3267546550692696e+16	6.3267546550692696e+16	6.3267546550692696e+16	6.3267546550692696e+16	6.3267546550692696e+16	6.3267546550692696e+16	6.3267546550692696e+16	6.3267546550692696e+16	6.3267546550692696e+16	6.3267546550692696e+16	6.3267546550692696e+16	6.3267546550692696e+16	6.3267546550692696e+16	6.3267546550692696e+16	6.3267546550692696e+16	6.3267546550692696e+16	6.3267546550692696e+16	6.3267546550692696e+16	6.3267546550692696e+16	6.3267546550692696e+16	6.3267546550692696e+16	6.3267546550692696e+16	8.695163613795877e+16	6.927613899137685e+16	7.300221697883994e+16	5.441157628509025e+16	5.641948362228072e+16	8.62384905039786e+16	8.200859498334587e+16	8.528532385500835e+16	5.9141490059660424e+16	0.0	6.3267546550692696e+16	6.3267546550692696e+16	6.3267546550692696e+16	6.326754655069271e+16	6.3267546550692696e+16	6.3267546550692696e+16	5.585154840947135e+16	6.3267546550692696e+16	5.742548418935636e+16	8.469420043037376e+16	8.495188882041467e+16	8.15550508667519e+16	9.584348342770598e+16	7.899836758498733e+16	1.003808121037106e+17	9.272081365569347e+16	1.045469930368922e+17	9.646289560831624e+16	7.902790273042486e+16	8.7791188330372e+16	7.314611617301098e+16	
2.6245710214080527	2.6105926329396474	2.6132448160840993	2.675153099521757	2.6744388994931536	2.690009750805775	2.6625617062049667	2.643119678937606	2.726073741859411	2.5813205171657905	2.623716235336188	2.6428652287420973	2.6357611185561716	2.6042016468126343	2.612209090435578	2.588028344910347	2.6821674394836976	2.6897969081952784	2.181109627588498	2.184034991904091	2.2433580788720566	2.5993849489215286	2.5272268417941777	2.527424238996916	9.478643647344202e+16	6.993402645464793e+16	6.775702598333445e+16	3.178065375848487e+16	4.622494329778959e+16	8.844691169835685e+16	8.489923271389314e+16	8.251318901684784e+16	3.3218356695455132e+16	6.3267546550692696e+16	0.0	2.642455157739749	2.775616947466865	11.377659424121257	3.0718124637589317	6.719334169293835	3.5379674634587064e+16	2.170526923111195	2.87940599321933e+16	9.601578731271706e+16	9.406384866624952e+16	8.211207487600803e+16	1.0765708049055728e+17	8.856869483433968e+16	1.0627025857729304e+17	9.875084439965968e+16	1.2009243187539925e+17	1.0312569955456813e+17	9.147592087897691e+16	1.021608978559457e+17	7.793370941484459e+16	
