0.0	0.08759390681781525	0.09077730710521946	0.08324014845854527	0.08558765471635212	0.08163838774566448	0.08522668605066706	0.0821718921980788	0.18927171701615472	0.23817938218453205	0.2305452205338203	0.20693629977103212	0.21425044055728434	0.24181717593611196	0.2265398131234064	0.19749663216991079	0.08442512507465497	0.08477183405543094	0.24373769297848358	0.28180182877518584	0.2606106409259487	0.24119165123859945	0.12866240265925719	0.1220971530780076	0.5187278269194828	0.3071284399521478	0.24706751650330327	0.25424466140630403	0.3106042545579602	0.5489092257499512	0.39238001097440384	0.27137792910429204	0.27958971959675893	0.48451826036455753	0.32292827149317005	0.31188575713470384	0.31415044545568016	0.47942276540023376	0.3298540084331845	0.4679565625426494	0.44765168396629795	0.31561712877496606	0.27326688795812487	0.3377174744401641	0.34562271046020876	0.359171394013267	0.4850323874334802	0.31943211249077924	0.4395803308792954	0.3966530804935651	0.46659397075941006	0.35052800801888456	0.31312438637169465	0.40454591920318933	0.3535269464414065	
0.08759390681781525	0.0	0.08285938120209602	0.07832729183662852	0.07397841982449795	0.0693517435239051	0.08010174487470197	0.06665178645945183	0.2009356216775537	0.24818955589265224	0.24159103501913134	0.21774383649686804	0.22744424842679292	0.2504825655411455	0.23830744625101835	0.20730419025602967	0.07148952977088949	0.06753443471961398	0.22982610310572943	0.2763421270380046	0.25178642837820214	0.23115812556804385	0.12373392953108545	0.11250231576444132	0.5512136927249564	0.316343597666184	0.25397461546188	0.26874151823867237	0.336940596792984	0.5849084773416727	0.4077985736705894	0.2776441952240046	0.2991404567382721	0.5182444000836451	0.3332331291817731	0.32175434604867664	0.31941202317484796	0.5151441737916961	0.3525212849867363	0.49768294398864493	0.4783861041228954	0.32472073320779377	0.285467856901072	0.34838166910847423	0.35433943161076187	0.3751071175626848	0.5123238769526253	0.3284480650935324	0.4605080721123131	0.41723617151529446	0.4920447767650288	0.36460181725911767	0.3195240641505042	0.4197221469750216	0.3645016534454427	
0.09077730710521946	0.08285938120209602	0.0	0.08832629846950615	0.07758599391524768	0.08531259358672104	0.07224710847496137	0.07440883656788987	0.19123766825044106	0.23790058297769132	0.23226624403600074	0.20830121596776702	0.21782510457491844	0.24016854561658926	0.2289763843233216	0.19722737535269527	0.08003085985622875	0.07975572836066909	0.23249885621456126	0.27610367608029845	0.25369288232351617	0.2317969073126644	0.13499226418457602	0.12370577870587449	0.5481726376817513	0.3146445695769617	0.2528972228515685	0.2698390989696318	0.33563172214833514	0.580804515091639	0.40362980012017485	0.27612824750766124	0.29373585514076916	0.5141883861070082	0.33078198219661326	0.32214256502480115	0.3187310066443307	0.5140977083315879	0.35145911160827803	0.4949479946676447	0.4727427881646589	0.32441424232156973	0.2835233915132169	0.348306400358589	0.35044999696545437	0.37447139887519615	0.5082904049951293	0.3226218877785332	0.4563713950529359	0.4160452054178876	0.4886882476832601	0.36425988994464137	0.3172519118841692	0.41565131910370867	0.3598427811509443	
0.08324014845854527	0.07832729183662852	0.08832629846950615	0.0	0.082895778013434	0.07921884259003983	0.0835865341456689	0.07810944740840207	0.20322542363179089	0.24953661615222458	0.24479441067794383	0.21976806120372397	0.22872739219528287	0.2526121972235295	0.24033706090758578	0.21041731317093007	0.07753679708541307	0.07910569386335624	0.244196754152143	0.2845774976032884	0.2623210333539427	0.23519619152195687	0.12683496338631087	0.12009251186636524	0.5509400562050047	0.32061057546781674	0.2565695361693507	0.26503730143434295	0.32947112595731143	0.586029700229637	0.4129487885815425	0.27834352940403184	0.2916692740780531	0.5183578887847006	0.33276459549432086	0.3217715862284989	0.32248377407592876	0.5121283468021544	0.3513830305007196	0.49646696461621714	0.47517925259356314	0.325324012911192	0.2820673102469391	0.3535118185338577	0.36174862434253846	0.37848745070601714	0.5155197727286228	0.33269946061499295	0.4657729975354665	0.421145101800238	0.4967903021302829	0.370150792283138	0.325176131001372	0.42605265094867234	0.36997554361908586	
0.08558765471635212	0.07397841982449795	0.07758599391524768	0.082895778013434	0.0	0.07394074233281986	0.08150434990205188	0.07108945989975214	0.20814232896592624	0.25551723819795596	0.2501960870402077	0.22559055469724068	0.23633679374672945	0.25699126064996913	0.24730489299853972	0.2130105011786578	0.07436247436489271	0.07055493985233967	0.24402883993541544	0.287058695982644	0.2624932439878234	0.23524346459295398	0.11996010936973295	0.1128106935122353	0.5645679635604792	0.32987701153051624	0.2617106926273603	0.27247340824655253	0.3348842101216937	0.5978336231043473	0.42443069788483495	0.2855564345758432	0.29525241337961966	0.5281842858517473	0.3334618457920854	0.3223052478357237	0.3243119413532384	0.5202029293581649	0.3488211159342069	0.5026150450319228	0.48623537321490734	0.3270724669504408	0.2873139604680674	0.36461168452337356	0.3700623026647112	0.392270318033706	0.5281180773425911	0.3414426325941519	0.47878071060790756	0.4337791050866742	0.508430807636243	0.38117214710647634	0.33390334596955135	0.4378902064579629	0.3806219956444643	
0.08163838774566448	0.0693517435239051	0.08531259358672104	0.07921884259003983	0.07394074233281986	0.0	0.0796427000483883	0.07137914495034162	0.21351784370565308	0.26136819653125615	0.2547529668748417	0.22995281236659726	0.2396794763051754	0.2633614256613818	0.2524649112593888	0.21907076720933918	0.07394285206731616	0.06937090334544697	0.24087235034295432	0.2853945358433509	0.2597130798318375	0.23669827077336014	0.11577062058468209	0.10740623483127773	0.5659116026724468	0.33148467297250384	0.2617963496625643	0.2713221452576206	0.3397700870694235	0.5980986505778407	0.42587661922508746	0.2871041715267917	0.30172460181662175	0.5288537767116402	0.336823761505438	0.3213912547515723	0.3247618139476262	0.5184946262183707	0.3514814918104891	0.5027837460827596	0.48906913267955276	0.3294420997687748	0.2916271419401028	0.3633017394951558	0.37325542656329225	0.39097390301214124	0.5283807506443792	0.34287262308744615	0.4787209957307147	0.4322124736551138	0.5091367428701535	0.37996045124795574	0.33597046832771726	0.4393800641586144	0.3823021198558907	
0.08522668605066706	0.08010174487470197	0.07224710847496137	0.0835865341456689	0.08150434990205188	0.0796427000483883	0.0	0.07691208789219428	0.20252288858692966	0.24951110400159085	0.24302681323606146	0.21926284777404284	0.22909139765816625	0.25243822885596506	0.23879331124153474	0.20820291662951268	0.0769803877977489	0.07643684176423379	0.23429293709110333	0.27834589092867734	0.25396317544398905	0.2378859233354672	0.12375344795575657	0.1136598631255247	0.5508628628208379	0.31789514288589926	0.25309433881587656	0.26866986024393696	0.33931784915700125	0.5823099993515218	0.40993251707547745	0.2805905080200652	0.29938375539152956	0.5174918956397616	0.33440702774323267	0.3206170841257839	0.3196513072187475	0.5096665567767698	0.3452249886087838	0.494058657103242	0.4788956698779	0.325026724447167	0.28739194816845665	0.3492263283913242	0.35922855487642386	0.3772168893817467	0.5093947270512033	0.3264425192896606	0.4589781748197536	0.41812612841285607	0.49388577066779865	0.36650118303767804	0.3238262385679486	0.42299719594982593	0.368386231052422	
0.0821718921980788	0.06665178645945183	0.07440883656788987	0.07810944740840207	0.07108945989975214	0.07137914495034162	0.07691208789219428	0.0	0.20131709919370086	0.25095735243819145	0.24495102693585574	0.22025036745293652	0.2297973895415267	0.2535085695466903	0.2406149368967037	0.20947570444820096	0.06902238333714363	0.06808393054821389	0.2370352805851645	0.2803628751628616	0.2574153030718609	0.22902993472992514	0.11804855913466566	0.10954495399143124	0.5455782838653871	0.319731647225404	0.2557020271148492	0.2633242693270764	0.3287210127875186	0.5804977353419296	0.4106850228955025	0.2762774269129193	0.29192658268341937	0.5128106777883392	0.33129240841136093	0.31864433305554735	0.3194789573792896	0.5092760978442084	0.35264578818671116	0.492619156445207	0.4710713406132481	0.3247052333405775	0.28212823697570366	0.35114136334139506	0.35759688392785766	0.37713118716919186	0.5119929740402367	0.331233041036002	0.46379311550346985	0.4172428024877032	0.49085320268628885	0.367873158625748	0.323584182790907	0.42387541000170414	0.3684270729760716	
0.18927171701615472	0.2009356216775537	0.19123766825044106	0.20322542363179089	0.20814232896592624	0.21351784370565308	0.20252288858692966	0.20131709919370086	0.0	0.16419893154889764	0.15156740278865813	0.1355974112897565	0.14157416052135288	0.1658244951752418	0.14166068667631232	0.1338345206238137	0.20844534871947504	0.20814895992391153	0.24584292543592706	0.27666227343192024	0.26302003788795264	0.25201080664116243	0.19975461432268574	0.19397630304583827	0.48596940420041035	0.3194449972525062	0.29418070222028275	0.31374026032111585	0.3521259442411285	0.521914079618389	0.36606127588867393	0.2979336855908195	0.3291972849129366	0.4750971508234502	0.3208472168868937	0.31798278805310437	0.31391899877838864	0.46738499409400974	0.3371054967230197	0.4510268840826473	0.4377676062924335	0.3130938268911987	0.3202950584917827	0.34228985515643734	0.3302310289983694	0.3556064517000147	0.4580415285344806	0.3250670826417586	0.4120183582921888	0.38643262812814716	0.44286679698886783	0.351360144950159	0.3147651950824295	0.3751935094958618	0.3340063325955842	
0.23817938218453205	0.24818955589265224	0.23790058297769132	0.24953661615222458	0.25551723819795596	0.26136819653125615	0.24951110400159085	0.25095735243819145	0.16419893154889764	0.0	0.16668925348972374	0.1455023206087532	0.16337643521739814	0.1287680313064095	0.15717089288867636	0.14737547468404408	0.25707331327784017	0.25574027742920524	0.24403777177699018	0.2678118578025776	0.2631138344904149	0.25481957330921595	0.20213865640296347	0.19922988779686737	0.4357786869754172	0.3183097366436289	0.30737655202778835	0.32224530771904386	0.35282970029771693	0.4578659455280194	0.33667821395267356	0.31026399359949375	0.3351443329450818	0.43305483131101763	0.30829109855684006	0.303904557960961	0.3010028303755332	0.41627638797549577	0.31356725173612016	0.40730792262524074	0.40707985675732333	0.3053366021783657	0.328348825118319	0.3301738875635985	0.3212386081379447	0.3344680085088124	0.4085582294571371	0.3166656751329475	0.36777742150469855	0.35793914823783657	0.399028868524551	0.3359126765144919	0.3121453894712554	0.3383161643880366	0.3148799683934507	
0.2305452205338203	0.24159103501913134	0.23226624403600074	0.24479441067794383	0.2501960870402077	0.2547529668748417	0.24302681323606146	0.24495102693585574	0.15156740278865813	0.16668925348972374	0.0	0.15128004382421614	0.125392893003404	0.16576859701234586	0.127073424619418	0.13430239543730338	0.25270976879902846	0.2490352776098338	0.2503989513280182	0.2754602580932159	0.2628804039803042	0.2542257390149173	0.19650665022917335	0.19189413256012838	0.45493625055452386	0.322842132870353	0.3054930829347857	0.3281679898890696	0.3591725326410526	0.48742012970111714	0.34601502931309647	0.31154758124600895	0.3389128946273567	0.4499471931066825	0.30843538363299755	0.30298840804999994	0.3046336906160577	0.4296729975129637	0.31862922792186554	0.42100307487523075	0.42130330750794914	0.3069304892933556	0.3320003796192555	0.33968505209591754	0.3147476155243321	0.34242838775773327	0.43252609250989793	0.3232280696965794	0.39093612781066184	0.3629882958397929	0.41512195335202684	0.34117801928873115	0.3165777322391228	0.35920767285982175	0.324752887808965	
0.20693629977103212	0.21774383649686804	0.20830121596776702	0.21976806120372397	0.22559055469724068	0.22995281236659726	0.21926284777404284	0.22025036745293652	0.1355974112897565	0.1455023206087532	0.15128004382421614	0.0	0.1459686592407896	0.15021053158096956	0.15002555358021447	0.1218700944123031	0.22787246452712362	0.22484979527668303	0.24414795218707666	0.27557558180636693	0.26011629872264047	0.2542501502378869	0.19407348835074434	0.18945010638547782	0.46359468067319537	0.3106242506592025	0.29051795154756255	0.31324730718529453	0.35319186887052034	0.49110394596870893	0.34511636893514064	0.3007043326219022	0.3291897033262282	0.4531207958318205	0.31393013330043107	0.31138765963131415	0.30857227003335025	0.44315842760452434	0.3200413127400018	0.4297683973540491	0.4241899272799527	0.31315192417761706	0.3198468616472748	0.3320991361640504	0.3136698404564634	0.33933279347547596	0.43180430694164823	0.31461010045468624	0.38600830526943253	0.3625886771119925	0.4155567981357699	0.33402964046367467	0.30711144277160624	0.35196803461779025	0.3164229780970474	
0.21425044055728434	0.22744424842679292	0.21782510457491844	0.22872739219528287	0.23633679374672945	0.2396794763051754	0.22909139765816625	0.2297973895415267	0.14157416052135288	0.16337643521739814	0.125392893003404	0.1459686592407896	0.0	0.16234801601139412	0.12588511285997608	0.12925611845620177	0.23778209144959023	0.23475686685571456	0.24967394618471445	0.2728675305176686	0.2648252262557903	0.25992863771349234	0.20333043282867114	0.1994128012405902	0.45531374504650085	0.3160122537683646	0.2948767605001371	0.31906049754562443	0.3479186193925863	0.490999883044863	0.34743715510624296	0.30448222946649534	0.329356453270129	0.44997510434195087	0.30747736207500925	0.31078598025602344	0.3067128888452895	0.43763710656614446	0.3246793542606604	0.42573218491937054	0.41667853744999195	0.2988560159316434	0.3237692064098698	0.33545968749113936	0.3168948418966444	0.33856204576531207	0.4317632342462579	0.3182822781704269	0.3877319476474739	0.3654153067119217	0.4155715944574545	0.33882058199499954	0.31041065252221556	0.35443128160387777	0.31956553803892246	
0.24181717593611196	0.2504825655411455	0.24016854561658926	0.2526121972235295	0.25699126064996913	0.2633614256613818	0.25243822885596506	0.2535085695466903	0.1658244951752418	0.1287680313064095	0.16576859701234586	0.15021053158096956	0.16234801601139412	0.0	0.15894230932858283	0.1498561743795498	0.25924259988007253	0.2575469509186175	0.24177154794218766	0.26475420088161034	0.2586122257724157	0.2535888527867728	0.20124848839948015	0.1989929102368718	0.4139881825020248	0.31118032700601506	0.30038409678264105	0.3170135720839041	0.3405096480445283	0.4390304959651341	0.3299526748483985	0.303543161597089	0.32317265914013416	0.4114423222996814	0.29443173257374133	0.2956365885029558	0.2948724402463973	0.40011461453313246	0.3011427783378449	0.3889916741166061	0.38577299654118513	0.2887848639157677	0.31616555630799015	0.3235515066215118	0.309541553571501	0.3284141041791608	0.3950660306275212	0.31158069063297683	0.3592481939981931	0.3485169849179968	0.38444277799623566	0.3279447468573553	0.30621149128251546	0.3325257874589929	0.3111434170220515	
0.2265398131234064	0.23830744625101835	0.2289763843233216	0.24033706090758578	0.24730489299853972	0.2524649112593888	0.23879331124153474	0.2406149368967037	0.14166068667631232	0.15717089288867636	0.127073424619418	0.15002555358021447	0.12588511285997608	0.15894230932858283	0.0	0.13319207619569007	0.24751966970209435	0.24674281175453924	0.24745729751253565	0.2734234808811282	0.26621032215088697	0.2570195803714312	0.20562253758161256	0.20226995017724983	0.44118564425602336	0.3219825332401899	0.3075164643307034	0.3265681269408643	0.3551507443952453	0.48451416774226796	0.3485301108228237	0.3093241222479981	0.3371342120537629	0.44988755485688725	0.31691013004317736	0.314279823160687	0.30887497925343915	0.4374544385175228	0.33596768207597266	0.42382796092093833	0.4148080573970979	0.30812567280726333	0.3292470043299173	0.337762550834055	0.3206112719292461	0.34341601174197955	0.4281664551991534	0.32122425497343154	0.3877795479080931	0.3696731003651357	0.41363604633097684	0.34380725668204815	0.31653199739347543	0.35489194904059196	0.3243440010679882	
0.19749663216991079	0.20730419025602967	0.19722737535269527	0.21041731317093007	0.2130105011786578	0.21907076720933918	0.20820291662951268	0.20947570444820096	0.1338345206238137	0.14737547468404408	0.13430239543730338	0.1218700944123031	0.12925611845620177	0.1498561743795498	0.13319207619569007	0.0	0.21614287791415726	0.21253185870281716	0.23794079026260045	0.26766233322876876	0.25714289875350993	0.243562223948483	0.1923329013077473	0.18613787174942134	0.43895982580170756	0.29711031190532056	0.2755323404512657	0.2944481846304242	0.3286583479818668	0.4625360508784283	0.32977000151477204	0.2855860351276707	0.307084797507414	0.4248263004706965	0.30622021018365136	0.3005349705059871	0.2994383914645661	0.41945706595054866	0.30787248981517007	0.406941947756584	0.3977526740636136	0.30344501342941205	0.3031483862937071	0.3150473246402194	0.30326273205677007	0.32266339340487493	0.40981144614254067	0.3002712776875827	0.36850219835079456	0.3473421182070597	0.39467575231109586	0.32019197965491136	0.2938408253802368	0.33541935708810894	0.3066571954484805	
0.08442512507465497	0.07148952977088949	0.08003085985622875	0.07753679708541307	0.07436247436489271	0.07394285206731616	0.0769803877977489	0.06902238333714363	0.20844534871947504	0.25707331327784017	0.25270976879902846	0.22787246452712362	0.23778209144959023	0.25924259988007253	0.24751966970209435	0.21614287791415726	0.0	0.07185593192726705	0.24285550727511107	0.28567843074239657	0.2599682368561325	0.2370161496016444	0.11942494777613573	0.11179234628963461	0.5582383497726089	0.327682071654787	0.261162954796765	0.27085613080698484	0.3357814384774513	0.5903454295606978	0.4207856616657171	0.27864218829953474	0.29740965237766237	0.5245202528344228	0.3354230380875363	0.3206653922406518	0.32253874414913297	0.5141455090373026	0.34597314526445994	0.49842291892590285	0.4825779418394489	0.3279716198625729	0.28489793486772486	0.35909359017898607	0.36746732962762096	0.3858983893773813	0.5207389146915926	0.33881894219940767	0.47109982930422617	0.4267268665263342	0.503406852246135	0.37669481043793146	0.33196731581403427	0.43408672192686093	0.37784261198654046	
0.08477183405543094	0.06753443471961398	0.07975572836066909	0.07910569386335624	0.07055493985233967	0.06937090334544697	0.07643684176423379	0.06808393054821389	0.20814895992391153	0.25574027742920524	0.2490352776098338	0.22484979527668303	0.23475686685571456	0.2575469509186175	0.24674281175453924	0.21253185870281716	0.07185593192726705	0.0	0.2389020542517021	0.2827403152378975	0.2577354801295436	0.23374965762407024	0.12060449407729791	0.11059030683223571	0.5637548904552802	0.32609890260059693	0.2589443403401497	0.27135285788210006	0.33741886587110026	0.5975559584153064	0.421536636936657	0.28436719079444334	0.29891566475453035	0.528974973016299	0.3360379317871424	0.3225106611156341	0.3237992922044085	0.5204269650657687	0.35153729272729917	0.5036748736106993	0.4869216527360629	0.32811435454466104	0.29047379242747184	0.36045933354296794	0.3673168351440893	0.3888918315137702	0.5257025775998876	0.34120992277185286	0.47532350481758434	0.4283009028111865	0.5070713614744669	0.3774596679495411	0.3320823600164691	0.4351971659645533	0.3775702650281925	
0.24373769297848358	0.22982610310572943	0.23249885621456126	0.244196754152143	0.24402883993541544	0.24087235034295432	0.23429293709110333	0.2370352805851645	0.24584292543592706	0.24403777177699018	0.2503989513280182	0.24414795218707666	0.24967394618471445	0.24177154794218766	0.24745729751253565	0.23794079026260045	0.24285550727511107	0.2389020542517021	0.0	0.17993818161087308	0.2051812140255772	0.22816578192863893	0.14300901223530418	0.13815749418044296	0.2346210441281168	0.24455539871709298	0.22593115142060585	0.22344415082376395	0.2070433924197025	0.295473084864893	0.2614749957295917	0.22855212881550716	0.21401254080487161	0.2381942078264316	0.25389483853985295	0.24695886484339122	0.2539877373480552	0.19727992887544066	0.24991652456397978	0.21237076575963731	0.21349245429920527	0.22485320302212844	0.2181519056821116	0.2536022859447443	0.23377221551078206	0.2553743300427864	0.2839326197100018	0.25133592594186654	0.2794032034570935	0.25391268274780515	0.27284582381501526	0.24560225695983012	0.2441330298768968	0.27274525910304226	0.2559950145304165	
0.28180182877518584	0.2763421270380046	0.27610367608029845	0.2845774976032884	0.287058695982644	0.2853945358433509	0.27834589092867734	0.2803628751628616	0.27666227343192024	0.2678118578025776	0.2754602580932159	0.27557558180636693	0.2728675305176686	0.26475420088161034	0.2734234808811282	0.26766233322876876	0.28567843074239657	0.2827403152378975	0.17993818161087308	0.0	0.22785948705979966	0.24933547159189903	0.14747834594306541	0.14280250593664284	0.30742193817112645	0.29672974104929795	0.27938220148534143	0.2757065986888266	0.24959097632163355	0.36235394394283826	0.30965834618990656	0.28354115284388953	0.259828476661863	0.2932420495430703	0.29272729167838357	0.27896524611951545	0.2858527876993153	0.24196837221885434	0.3020152584881467	0.25539698012372297	0.2739284208912121	0.2464968533049166	0.2666039427715558	0.30516372810311426	0.2924499698293074	0.31105796886008874	0.3483353186081284	0.3040987825161725	0.3373740708895949	0.31384292266693997	0.33131939838134794	0.30340040213818337	0.2965588669315696	0.32218587600701126	0.30979653327440576	
0.2606106409259487	0.25178642837820214	0.25369288232351617	0.2623210333539427	0.2624932439878234	0.2597130798318375	0.25396317544398905	0.2574153030718609	0.26302003788795264	0.2631138344904149	0.2628804039803042	0.26011629872264047	0.2648252262557903	0.2586122257724157	0.26621032215088697	0.25714289875350993	0.2599682368561325	0.2577354801295436	0.2051812140255772	0.22785948705979966	0.0	0.25773926122842744	0.1724641869049707	0.16805433826472382	0.2667499185089747	0.28255886811999953	0.2494914066337198	0.24498766159718627	0.20734504789620217	0.4214794161915977	0.3166153541548899	0.2521819586410104	0.22390829751281244	0.27926784862318965	0.3353098088692661	0.28610446445669346	0.3061507583960728	0.1905054192522359	0.30045870302017946	0.20222554326182843	0.225534980715978	0.24754279588924544	0.2318122654319044	0.30023563452257096	0.2647074806763808	0.30211581840076285	0.3811944586434961	0.29771743346965424	0.3650167174705287	0.3027714428053483	0.34393628723231273	0.288225816028179	0.2781852824547759	0.3428404259408076	0.30716291288858666	
0.24119165123859945	0.23115812556804385	0.2317969073126644	0.23519619152195687	0.23524346459295398	0.23669827077336014	0.2378859233354672	0.22902993472992514	0.25201080664116243	0.25481957330921595	0.2542257390149173	0.2542501502378869	0.25992863771349234	0.2535888527867728	0.2570195803714312	0.243562223948483	0.2370161496016444	0.23374965762407024	0.22816578192863893	0.24933547159189903	0.25773926122842744	0.0	0.17047613622649965	0.17648249880602393	0.3148053551490558	0.22476012000169932	0.21784488695447646	0.2361805893553812	0.23003271617897528	0.24127285564317286	0.24242543805306582	0.22490423552512356	0.22531038629193847	0.2694829623383202	0.30907095753205915	0.27935581725918435	0.26324029022992806	0.28133838776000536	0.3205398351368886	0.2803950413328272	0.28300601941778086	0.25550188841402455	0.2259959797152727	0.23146235399425844	0.2337634788837269	0.23928840440418653	0.23704945323650634	0.23007292982696612	0.2409629629565966	0.24459524721804946	0.2628798602034834	0.22680662659481354	0.2299569335798113	0.24102404722880347	0.2380022116465363	
0.12866240265925719	0.12373392953108545	0.13499226418457602	0.12683496338631087	0.11996010936973295	0.11577062058468209	0.12375344795575657	0.11804855913466566	0.19975461432268574	0.20213865640296347	0.19650665022917335	0.19407348835074434	0.20333043282867114	0.20124848839948015	0.20562253758161256	0.1923329013077473	0.11942494777613573	0.12060449407729791	0.14300901223530418	0.14747834594306541	0.1724641869049707	0.17047613622649965	0.0	0.06269192146952077	0.0400398074858514	0.06640081571153979	0.07177907719915577	0.07586021801367761	0.07654139694733993	0.05117828589910083	0.05116945238609836	0.07144049616837665	0.07502488499053836	0.06927298924785699	0.16343234508742396	0.17913423997508676	0.1758082206454379	0.12449084181611056	0.12317413011681083	0.13848696863252044	0.0664837822082726	0.15691896040769274	0.07440990766497033	0.06385218356573803	0.05765868461307922	0.06216368667683787	0.052832288424459785	0.0642222218886368	0.04988097552335516	0.06043109363683978	0.05328636133091555	0.06208543052145859	0.0628293517154333	0.048324168812928545	0.055626459982067056	
0.1220971530780076	0.11250231576444132	0.12370577870587449	0.12009251186636524	0.1128106935122353	0.10740623483127773	0.1136598631255247	0.10954495399143124	0.19397630304583827	0.19922988779686737	0.19189413256012838	0.18945010638547782	0.1994128012405902	0.1989929102368718	0.20226995017724983	0.18613787174942134	0.11179234628963461	0.11059030683223571	0.13815749418044296	0.14280250593664284	0.16805433826472382	0.17648249880602393	0.06269192146952077	0.0	0.034989150565152984	0.04949481494541018	0.050712722100285546	0.053285893053926024	0.0519045290732231	0.050616117226137236	0.043825053716890223	0.05138058170239643	0.051421688730878753	0.048970217453550194	0.16052337723089213	0.1807518102667107	0.17580068205167346	0.11832316913055949	0.12855186754128817	0.13466316677780876	0.046229372339645775	0.15066812259042925	0.051588835053211705	0.048508134309763876	0.04408268855908717	0.04854091755276073	0.050040726515161615	0.04904585126387783	0.04699549356936931	0.04900503876000446	0.046970136376796374	0.0479325469223398	0.047012715800830225	0.0441163648967139	0.045423133696777106	
0.5187278269194828	0.5512136927249564	0.5481726376817513	0.5509400562050047	0.5645679635604792	0.5659116026724468	0.5508628628208379	0.5455782838653871	0.48596940420041035	0.4357786869754172	0.45493625055452386	0.46359468067319537	0.45531374504650085	0.4139881825020248	0.44118564425602336	0.43895982580170756	0.5582383497726089	0.5637548904552802	0.2346210441281168	0.30742193817112645	0.2667499185089747	0.3148053551490558	0.0400398074858514	0.034989150565152984	0.0	0.6613718923570918	0.6661481967250035	0.6719486736351192	0.6875431041033068	0.7066979552821044	0.6524825055126342	0.6595876893938574	0.6806065530098766	0.7057021326309963	0.4412297413582778	0.39898418680582276	0.35985978602158686	0.5839435808852604	0.6259943685160871	0.5785551082998758	0.6844702331000382	0.3532977115973986	0.6740904983753656	0.6610503006579632	0.6421736680991763	0.658543225612378	0.6858412498530071	0.6606735351139084	0.6718559220546821	0.6567555252908285	0.6573741096210148	0.6611039857692892	0.6549892212853442	0.6600780408406616	0.6533644618434995	
0.3071284399521478	0.316343597666184	0.3146445695769617	0.32061057546781674	0.32987701153051624	0.33148467297250384	0.31789514288589926	0.319731647225404	0.3194449972525062	0.3183097366436289	0.322842132870353	0.3106242506592025	0.3160122537683646	0.31118032700601506	0.3219825332401899	0.29711031190532056	0.327682071654787	0.32609890260059693	0.24455539871709298	0.29672974104929795	0.28255886811999953	0.22476012000169932	0.06640081571153979	0.04949481494541018	0.6613718923570918	0.0	0.4248291656654863	0.4665822757028229	0.5170121662011687	0.690601534895525	0.47731077926227927	0.43261934769498334	0.4882071486572608	0.6514731613811672	0.38409213784131724	0.334075169096892	0.34478365598355154	0.5917357684843898	0.3979207552355399	0.5659786058149552	0.6179822003909565	0.37481339919097756	0.46593731338019534	0.4349858848284424	0.4565714839978957	0.46577582590768596	0.602516572386214	0.42875223614581787	0.5340649960445095	0.5158216746124138	0.5783229374665746	0.4612136164511862	0.4177761122898034	0.4844757166256957	0.44996779884789917	
0.24706751650330327	0.25397461546188	0.2528972228515685	0.2565695361693507	0.2617106926273603	0.2617963496625643	0.25309433881587656	0.2557020271148492	0.29418070222028275	0.30737655202778835	0.3054930829347857	0.29051795154756255	0.2948767605001371	0.30038409678264105	0.3075164643307034	0.2755323404512657	0.261162954796765	0.2589443403401497	0.22593115142060585	0.27938220148534143	0.2494914066337198	0.21784488695447646	0.07177907719915577	0.050712722100285546	0.6661481967250035	0.4248291656654863	0.0	0.4144731354382484	0.47498176807118087	0.6988251712695782	0.5162191588850742	0.4063381842751411	0.4329847803330083	0.6379915986907437	0.352329806919972	0.331689474235808	0.3378043881770976	0.5950281392894197	0.38377465845629066	0.5660073242859119	0.5975796348604576	0.3362395625885009	0.4244525650764192	0.44790264567205373	0.4597303340002599	0.4828165490121377	0.6193130226307659	0.43261934769498495	0.5669542485950202	0.5282238919246148	0.605358472312049	0.46962444570105627	0.41486380897836184	0.5181967965937079	0.4677071733467426	
0.25424466140630403	0.26874151823867237	0.2698390989696318	0.26503730143434295	0.27247340824655253	0.2713221452576206	0.26866986024393696	0.2633242693270764	0.31374026032111585	0.32224530771904386	0.3281679898890696	0.31324730718529453	0.31906049754562443	0.3170135720839041	0.3265681269408643	0.2944481846304242	0.27085613080698484	0.27135285788210006	0.22344415082376395	0.2757065986888266	0.24498766159718627	0.2361805893553812	0.07586021801367761	0.053285893053926024	0.6719486736351192	0.4665822757028229	0.4144731354382484	0.0	0.46088471443522444	0.7025616556573844	0.5442634656120338	0.4278233046480407	0.4324364461976431	0.6323188436223569	0.36136552354554635	0.3444950942365629	0.3307681544955894	0.5895207498346479	0.4264441117482799	0.5649616168951901	0.5887722649718414	0.3271848998768182	0.4252052445584927	0.49203087301506304	0.4982307898955838	0.5116756589872532	0.6411916406191964	0.47498176807118136	0.5967725865017531	0.544146138459121	0.622014726513737	0.5052523329980608	0.4701015847665581	0.5574625368578765	0.5059436925192413	
0.3106042545579602	0.336940596792984	0.33563172214833514	0.32947112595731143	0.3348842101216937	0.3397700870694235	0.33931784915700125	0.3287210127875186	0.3521259442411285	0.35282970029771693	0.3591725326410526	0.35319186887052034	0.3479186193925863	0.3405096480445283	0.3551507443952453	0.3286583479818668	0.3357814384774513	0.33741886587110026	0.2070433924197025	0.24959097632163355	0.20734504789620217	0.23003271617897528	0.07654139694733993	0.0519045290732231	0.6875431041033068	0.5170121662011687	0.47498176807118087	0.46088471443522444	0.0	0.7068255654685592	0.5853541662959667	0.4763816747104891	0.4526967859395925	0.6576538755302224	0.32687447882014814	0.343248758552115	0.31726677764428723	0.5919000641712238	0.4169303096308448	0.5662242675201538	0.6112250649310486	0.26619462042293657	0.4643179729453155	0.543911297915366	0.545433332314795	0.5598764863788825	0.6631707924810939	0.5264552402625978	0.6284383183733931	0.5910156512309349	0.6510545138466176	0.5556894096525673	0.5209383648763247	0.5968624464648441	0.5523244698544647	
0.5489092257499512	0.5849084773416727	0.580804515091639	0.586029700229637	0.5978336231043473	0.5980986505778407	0.5823099993515218	0.5804977353419296	0.521914079618389	0.4578659455280194	0.48742012970111714	0.49110394596870893	0.490999883044863	0.4390304959651341	0.48451416774226796	0.4625360508784283	0.5903454295606978	0.5975559584153064	0.295473084864893	0.36235394394283826	0.4214794161915977	0.24127285564317286	0.05117828589910083	0.050616117226137236	0.7066979552821044	0.690601534895525	0.6988251712695782	0.7025616556573844	0.7068255654685592	0.0	0.6755511971716106	0.6986715966747166	0.7050400839668286	0.7066330164944095	0.5089943698149295	0.33767182192771716	0.3804553394069579	0.5199030681031945	0.41782321287606705	0.511943465768995	0.7067122611077034	0.5284441395688322	0.7034765667739282	0.6826740217702804	0.6952183973399709	0.6840649676748795	0.6647251311632271	0.6834687410555498	0.6485666658100111	0.6901946247255732	0.6727775115147099	0.6883496785791391	0.689203540327522	0.656924653213706	0.6774015648048434	
0.39238001097440384	0.4077985736705894	0.40362980012017485	0.4129487885815425	0.42443069788483495	0.42587661922508746	0.40993251707547745	0.4106850228955025	0.36606127588867393	0.33667821395267356	0.34601502931309647	0.34511636893514064	0.34743715510624296	0.3299526748483985	0.3485301108228237	0.32977000151477204	0.4207856616657171	0.421536636936657	0.2614749957295917	0.30965834618990656	0.3166153541548899	0.24242543805306582	0.05116945238609836	0.043825053716890223	0.6524825055126342	0.47731077926227927	0.5162191588850742	0.5442634656120338	0.5853541662959667	0.6755511971716106	0.0	0.5152906752504111	0.5644086462839304	0.6687693772893261	0.4247121822183604	0.3364006205417868	0.34775362616985805	0.5847976899750869	0.4305405425157818	0.5658066503236864	0.6425640979700618	0.409144374878228	0.5497085591474944	0.46834781946753024	0.4760712341656169	0.4649669020478375	0.5894294868769778	0.4685077373960918	0.5062196953892972	0.5119452900457383	0.5500515612195153	0.5020469898326388	0.4675467677141837	0.43751150842003744	0.4442499296567568	
0.27137792910429204	0.2776441952240046	0.27612824750766124	0.27834352940403184	0.2855564345758432	0.2871041715267917	0.2805905080200652	0.2762774269129193	0.2979336855908195	0.31026399359949375	0.31154758124600895	0.3007043326219022	0.30448222946649534	0.303543161597089	0.3093241222479981	0.2855860351276707	0.27864218829953474	0.28436719079444334	0.22855212881550716	0.28354115284388953	0.2521819586410104	0.22490423552512356	0.07144049616837665	0.05138058170239643	0.6595876893938574	0.43261934769498334	0.4063381842751411	0.4278233046480407	0.4763816747104891	0.6986715966747166	0.5152906752504111	0.0	0.44529864136333414	0.6496664374892624	0.3601391228194862	0.332618201921947	0.3360442002304698	0.5929548637828936	0.4054009955142151	0.5707380898075894	0.5979371037157393	0.34010597865325726	0.4268911805132906	0.46882728162932613	0.4565714839978967	0.4838736198637262	0.6222439232326985	0.44996779884790206	0.5695723132315869	0.518590377851325	0.6061249871107837	0.48007830611261487	0.4376910097317897	0.5345553479294437	0.47215921043648074	
0.27958971959675893	0.2991404567382721	0.29373585514076916	0.2916692740780531	0.29525241337961966	0.30172460181662175	0.29938375539152956	0.29192658268341937	0.3291972849129366	0.3351443329450818	0.3389128946273567	0.3291897033262282	0.329356453270129	0.32317265914013416	0.3371342120537629	0.307084797507414	0.29740965237766237	0.29891566475453035	0.21401254080487161	0.259828476661863	0.22390829751281244	0.22531038629193847	0.07502488499053836	0.051421688730878753	0.6806065530098766	0.4882071486572608	0.4329847803330083	0.4324364461976431	0.4526967859395925	0.7050400839668286	0.5644086462839304	0.44529864136333414	0.0	0.6464568663104577	0.33560459185532565	0.33819387491274233	0.32622920946787415	0.5949715081638183	0.4045864247781044	0.565427718375853	0.5985608740971415	0.29269664101457576	0.42350877204606974	0.5126180644495284	0.5175393898052931	0.538079250668563	0.6526595437131952	0.4953660464747537	0.6115537588798022	0.574199895506783	0.6366321386797555	0.5301041218477414	0.4912999898229276	0.5734871402220241	0.5292285706573414	
0.48451826036455753	0.5182444000836451	0.5141883861070082	0.5183578887847006	0.5281842858517473	0.5288537767116402	0.5174918956397616	0.5128106777883392	0.4750971508234502	0.43305483131101763	0.4499471931066825	0.4531207958318205	0.44997510434195087	0.4114423222996814	0.44988755485688725	0.4248263004706965	0.5245202528344228	0.528974973016299	0.2381942078264316	0.2932420495430703	0.27926784862318965	0.2694829623383202	0.06927298924785699	0.048970217453550194	0.7057021326309963	0.6514731613811672	0.6379915986907437	0.6323188436223569	0.6576538755302224	0.7066330164944095	0.6687693772893261	0.6496664374892624	0.6464568663104577	0.0	0.4022045666074885	0.3683336051401533	0.3380981668255201	0.5736862451335882	0.49390487232774355	0.5492249848558295	0.6788637418510062	0.36321120835022275	0.6449418578446235	0.6551042054513042	0.6612112521729177	0.6600236965442872	0.6976031966670077	0.6526595437131868	0.682635832636956	0.6727775115147075	0.689941664200716	0.6592592206408384	0.6516520390515441	0.6721337813263812	0.6659969969902458	
0.32292827149317005	0.3332331291817731	0.33078198219661326	0.33276459549432086	0.3334618457920854	0.336823761505438	0.33440702774323267	0.33129240841136093	0.3208472168868937	0.30829109855684006	0.30843538363299755	0.31393013330043107	0.30747736207500925	0.29443173257374133	0.31691013004317736	0.30622021018365136	0.3354230380875363	0.3360379317871424	0.25389483853985295	0.29272729167838357	0.3353098088692661	0.30907095753205915	0.16343234508742396	0.16052337723089213	0.4412297413582778	0.38409213784131724	0.352329806919972	0.36136552354554635	0.32687447882014814	0.5089943698149295	0.4247121822183604	0.3601391228194862	0.33560459185532565	0.4022045666074885	0.0	0.37326711160030107	0.34805193779257104	0.3504865743451002	0.4724890400728602	0.34293389211091263	0.38923024303778886	0.4119961707810141	0.345195577680985	0.4013585193912506	0.3751845774990889	0.4143924819294152	0.47540377369106	0.40316651865959563	0.4623178071658115	0.42215686790722434	0.4553963735304185	0.3915477078598535	0.3860308576880785	0.4449926929166071	0.41947662662333035	
0.31188575713470384	0.32175434604867664	0.32214256502480115	0.3217715862284989	0.3223052478357237	0.3213912547515723	0.3206170841257839	0.31864433305554735	0.31798278805310437	0.303904557960961	0.30298840804999994	0.31138765963131415	0.31078598025602344	0.2956365885029558	0.314279823160687	0.3005349705059871	0.3206653922406518	0.3225106611156341	0.24695886484339122	0.27896524611951545	0.28610446445669346	0.27935581725918435	0.17913423997508676	0.1807518102667107	0.39898418680582276	0.334075169096892	0.331689474235808	0.3444950942365629	0.343248758552115	0.33767182192771716	0.3364006205417868	0.332618201921947	0.33819387491274233	0.3683336051401533	0.37326711160030107	0.0	0.31054981518636926	0.38296936765509365	0.4210630968460765	0.36681247304237585	0.39031806129025715	0.29870174309462066	0.3377431586403705	0.3341748019432414	0.3354443428740496	0.3407244923104033	0.3393236033579363	0.3334393854626497	0.33733037428952034	0.34299063222406523	0.3560560499588161	0.3311935457726845	0.33382829856984686	0.3346552016504361	0.33330311869678064	
0.31415044545568016	0.31941202317484796	0.3187310066443307	0.32248377407592876	0.3243119413532384	0.3247618139476262	0.3196513072187475	0.3194789573792896	0.31391899877838864	0.3010028303755332	0.3046336906160577	0.30857227003335025	0.3067128888452895	0.2948724402463973	0.30887497925343915	0.2994383914645661	0.32253874414913297	0.3237992922044085	0.2539877373480552	0.2858527876993153	0.3061507583960728	0.26324029022992806	0.1758082206454379	0.17580068205167346	0.35985978602158686	0.34478365598355154	0.3378043881770976	0.3307681544955894	0.31726677764428723	0.3804553394069579	0.34775362616985805	0.3360442002304698	0.32622920946787415	0.3380981668255201	0.34805193779257104	0.31054981518636926	0.0	0.361860521553055	0.33348151207729865	0.33537685470171236	0.33494309878190703	0.36158992783092375	0.3321130939568364	0.34835623449548536	0.3443218682482042	0.34664788265986257	0.3718650337603999	0.3461642483330799	0.3653551736893938	0.33992877747194705	0.35923812217266177	0.3432603133079499	0.3423757171292112	0.3543985087033851	0.34833134591874626	
