0.0	0.17632919690367949	0.17118354701679964	0.22375949386063526	0.20306857089877955	0.19150143911376633	0.19037754623576875	0.18073612659792979	0.2325297067513951	0.23952844255251654	0.17550080818201574	0.2349362960374376	0.1830149586389936	0.2080466349677894	0.18340272775827848	0.1937237730270087	0.172489514935873	0.14813508208618903	0.2762815760724385	0.3085140746774247	0.28219949330534455	0.1503844099074578	0.14808944239976551	0.1413671633773397	0.36477689757625503	0.4732629645681342	0.49939706610540907	0.4577258521100384	0.34309732680487076	0.3529529624084913	0.5028883128653245	0.28162252191970244	0.480054931825718	0.42459713612330113	0.4095294340171642	0.37109833639715994	0.35197167204831015	0.47895526336182104	0.43791389319103785	0.4973646231233371	0.522588367136995	0.33541174589950207	0.3879244574130657	0.47678813912156415	0.492340614750043	0.48719712812166716	0.457552889179189	0.4872152062369898	0.46453384640348216	0.511410391906028	0.4948935069891458	0.48133065576094386	0.4997505869763755	0.5080561918763393	0.5130652227506102	
0.17632919690367949	0.0	0.1182270353448827	0.17511137401536953	0.12825991627757255	0.11795956524770351	0.13075309109134317	0.1276504616589449	0.2737400255595837	0.24468759702780413	0.19954606976264735	0.26269507501317063	0.20128658157675292	0.2187126785101347	0.2006519199048002	0.21989372712139316	0.11301617605374482	0.13399004582327015	0.2015141365507882	0.2527666889538884	0.22316486408271644	0.15051925935191696	0.1448387544177149	0.14168980425844113	0.4567951804511994	0.4401864135913055	0.4201821038552305	0.44106530196197496	0.3503654700253276	0.3208352865414507	0.4523445219602004	0.31218634365272296	0.4434223629770441	0.4077859976033633	0.27878672577740954	0.26592114997882227	0.26829317433338107	0.39504199904187026	0.29311805927770096	0.38231463426189266	0.45857387376968695	0.2953738033481507	0.4252819650859452	0.44837117833411855	0.43774691321980647	0.4409284612760984	0.4591167127341914	0.43860496984455905	0.45695504573835166	0.45478214431547037	0.455239285931445	0.45592740845375346	0.4396517535325531	0.45283673020778115	0.4495660018103714	
0.17118354701679964	0.1182270353448827	0.0	0.16139925003236572	0.11817901221025279	0.12714328116806398	0.11453559291768195	0.12020961845040586	0.26016979823787373	0.23617613544147772	0.19246448478057518	0.2529215375206137	0.19283232266591246	0.21217394989987953	0.1922090597718634	0.21223969922887734	0.1155523469359066	0.1436034801703998	0.19439896804661233	0.23645739411962857	0.21398084517057644	0.16508458855245	0.15885581829920206	0.15374296846948318	0.42693665301332345	0.40087620264527474	0.38503624250144697	0.4115786140186246	0.32816018448603096	0.30279442289445074	0.4130983841282793	0.2862531984134854	0.40980571630395857	0.3871543933825283	0.2682596346204974	0.26501325827280603	0.2625346556278818	0.36879207413107146	0.2804706197908258	0.35480370147497153	0.42427255504542405	0.2811171646958514	0.3917433638149406	0.41031016730426306	0.4011366961725423	0.40124740309993334	0.41830148383202526	0.39856369613462356	0.41597718847120213	0.4157045586630622	0.4182117734908748	0.41691451974227345	0.4022624813656186	0.4123974793820734	0.4118111286715755	
0.22375949386063526	0.17511137401536953	0.16139925003236572	0.0	0.18053492628077952	0.17817557525075514	0.16440751115583252	0.15309969689988773	0.2546207973324028	0.24435258247156283	0.21039272685882932	0.25011692083770903	0.21071829442256296	0.2175626081237565	0.21050986717023448	0.23108241459594722	0.18158767913703022	0.21953801284862848	0.2235141595259405	0.25106300862210584	0.23711278166651542	0.188398340623114	0.18779956677590376	0.185209713878361	0.4032680927815627	0.395468111555922	0.37683958321054256	0.3826872582281058	0.3411523495652417	0.24663409765445052	0.4016998863658071	0.2989734597051788	0.39178176430342326	0.36276159283656295	0.2662641572454163	0.2729535319650474	0.2660509390870775	0.3629906370148004	0.2838070078851067	0.3545984144616871	0.40142332736837244	0.26597594885747144	0.38098969396930116	0.4010787643138883	0.39216265022731583	0.3916759357313742	0.4082671020825789	0.39413674413427846	0.40919735567922977	0.39798076857225234	0.39740716212570226	0.4014598177488792	0.3949087960999036	0.4051467171056155	0.39776786009380627	
0.20306857089877955	0.12825991627757255	0.11817901221025279	0.18053492628077952	0.0	0.12897994615488587	0.13584529369560033	0.12394671712160525	0.27194536800846447	0.24837499546495928	0.2037488063439876	0.2640862184493025	0.20613652004370997	0.2215704345908179	0.20435668281745564	0.22310462991062413	0.13528064574465382	0.1652944009892011	0.2082127581267254	0.25514549153687743	0.22793957059421877	0.14839886220065904	0.14444188890085863	0.14409918009500863	0.451963875937023	0.4349579563560208	0.41208296020520857	0.4417338927511844	0.3441718423080854	0.30237558325998654	0.4455469166378197	0.32411178744788577	0.4350785734836342	0.40665470367073897	0.27508965498152715	0.26699634370420855	0.2678203801673795	0.3863911452120466	0.2918308596006397	0.3727223255936963	0.45002669992253685	0.28749653016924565	0.419782179140282	0.4436557350679139	0.4331380989895385	0.4330543628152936	0.4529107535318593	0.4322892394023606	0.45171112721245926	0.4488103344234591	0.448151653894219	0.4486531121051158	0.43428215479826915	0.4468808015878447	0.443721673731756	
0.19150143911376633	0.11795956524770351	0.12714328116806398	0.17817557525075514	0.12897994615488587	0.0	0.13479209816312632	0.12575364392697197	0.2759219672287909	0.25204765990660843	0.21243628625982555	0.2676971265721041	0.21168197100388908	0.22580998847600525	0.2112472044453844	0.22820586880811833	0.12919397997418378	0.1592969192778301	0.21299751828846405	0.2594425065079154	0.2356478906684922	0.15496715347259213	0.1524089716036683	0.1513763949950735	0.4556875453991005	0.4384440968881131	0.4156425402678331	0.44317433824006996	0.3514053108154135	0.29597146003686636	0.45073390847755734	0.3231993663865999	0.44073564263653076	0.4099433829492298	0.27822533125169707	0.26870797069028496	0.2727175303589898	0.3885435006875982	0.2976610652939292	0.37758170232873495	0.4550879320453828	0.29008145460370727	0.42460937647448177	0.446744674314634	0.43737925720597703	0.4379038708999999	0.45713444059492137	0.4355328041079296	0.4554052228759258	0.45361614013862706	0.4526842428072759	0.4519625580772816	0.4375264093513081	0.451152906941321	0.4484748509887395	
0.19037754623576875	0.13075309109134317	0.11453559291768195	0.16440751115583252	0.13584529369560033	0.13479209816312632	0.0	0.1187864337190098	0.26305454418290264	0.241945485681236	0.19997506926174144	0.25687667203563075	0.20038356356301204	0.2185221187363555	0.20170372832761596	0.21765570474740512	0.13623016326342077	0.1733910012121729	0.20774680441486362	0.24947376396489176	0.22507702513177222	0.14856091709043645	0.1456674379829646	0.14621808563740965	0.41434827535040203	0.3914626621764022	0.37734749696210274	0.3994751277788736	0.33316791239409055	0.30978887254871734	0.39776685531889155	0.2990119660508681	0.40174497811805426	0.36136169443816507	0.27430784315702555	0.2615616046803326	0.2600716037405528	0.3466562015408286	0.266456367455336	0.3432202571733662	0.41003574554090794	0.29078729175932405	0.38655409867436175	0.397161800855437	0.3872302429094886	0.3897666685001247	0.40178340965297793	0.3861036409820595	0.39849420731946067	0.402720836139779	0.4064627498097786	0.399377498546204	0.38951047643258807	0.3975893338181189	0.3975026414670248	
0.18073612659792979	0.1276504616589449	0.12020961845040586	0.15309969689988773	0.12394671712160525	0.12575364392697197	0.1187864337190098	0.0	0.2508223482410072	0.23598047637052738	0.19907120745925477	0.2458444865367489	0.1996599691138018	0.21438916907543362	0.19969138908687242	0.2162462148675974	0.13537816416755125	0.16642252824151707	0.20220011814428046	0.24109533250880913	0.2235410457989746	0.14121104695111913	0.13904388393452657	0.14263993147227214	0.3651683097967072	0.3540670377760555	0.34072915441463464	0.3634598960305887	0.29292107782342014	0.25365070601634176	0.35978136845436787	0.27532985559394146	0.35893219200907533	0.3345169556235683	0.25351194268444943	0.24728020313624138	0.2513218352322877	0.31550534663436663	0.26262783197404005	0.3121126432913494	0.3674775446337995	0.26519990116590886	0.3460262808968059	0.3565434280045664	0.3510515240183407	0.3506608900577593	0.3672743447675852	0.34976658869372373	0.36375439537389803	0.3633715265236622	0.36233439803969136	0.3614646831419267	0.35176951654327665	0.36047077357452806	0.35704058135107636	
0.2325297067513951	0.2737400255595837	0.26016979823787373	0.2546207973324028	0.27194536800846447	0.2759219672287909	0.26305454418290264	0.2508223482410072	0.0	0.22661020102598076	0.17793480876077516	0.2236735300677398	0.17865836827792947	0.21133338043926442	0.18435493641443856	0.2016389355183675	0.27751562297365034	0.2919743949275521	0.22112882923959692	0.24933073161278543	0.2506720539914353	0.1587205426731444	0.15531045916911265	0.15803231490106226	0.3097130796527974	0.30855317820035494	0.2974254680433463	0.2813476767402951	0.27215688366253044	0.3328484052196603	0.30913183877008676	0.302837176852008	0.28515926798337227	0.27418193999022517	0.28432060314017626	0.2635374635368564	0.25796412404088426	0.26196319292481185	0.27098068746368237	0.2623036794300187	0.28036295229063535	0.30550367931369565	0.29041351561154183	0.31369073864028013	0.30982756502178854	0.3091183936806289	0.319686401806965	0.3125956084269066	0.32145705653641493	0.31664922580172916	0.308912239068746	0.3183800112419519	0.31151210784234606	0.31674264018393056	0.3130965928828941	
0.23952844255251654	0.24468759702780413	0.23617613544147772	0.24435258247156283	0.24837499546495928	0.25204765990660843	0.241945485681236	0.23598047637052738	0.22661020102598076	0.0	0.18179455348701648	0.22159596118528874	0.17977954294622303	0.1957811333730596	0.18420302518225093	0.1954172912059545	0.2498557969286524	0.25275357810788823	0.21292123045854727	0.23426742148237722	0.23661067271150335	0.15041259884907293	0.14721181947068798	0.15029064714565263	0.27149942621546513	0.27408667448986035	0.25505135952050556	0.2507608155850523	0.222785957939859	0.30809138738389785	0.2811861564416745	0.24709577562217103	0.23971398932973828	0.2510873681039728	0.27461335975745294	0.2590791406977924	0.25049823928969667	0.24334804678906463	0.26458068335713636	0.24161816455382007	0.24372837513163834	0.2863063158430834	0.23899765185921631	0.28221474064464713	0.2699854615135486	0.2735155839324377	0.2945454874498026	0.2789182161357483	0.29324475631735636	0.28690917428023366	0.28053424331928123	0.2919323080763408	0.27804956049345825	0.28821428224978823	0.2768505685447879	
0.17550080818201574	0.19954606976264735	0.19246448478057518	0.21039272685882932	0.2037488063439876	0.21243628625982555	0.19997506926174144	0.19907120745925477	0.17793480876077516	0.18179455348701648	0.0	0.1785191885825448	0.13473121058056395	0.16821122508850322	0.1350928270533921	0.15265735239255473	0.20541873231977198	0.19985903204340066	0.1808763432075685	0.2006798913200693	0.2052194648956907	0.12984775268711293	0.12356466804227144	0.12413516587801661	0.19046444137002166	0.18546848332825341	0.175373160832325	0.17509196844633185	0.16126522819786845	0.20839701979019162	0.1928380205685686	0.180591002768655	0.17300095532426513	0.1753571650219457	0.22336123559145962	0.21703386164577834	0.21592765276842502	0.17611748511189532	0.2029120600661964	0.18534957627300772	0.16710639680981404	0.23604854853830257	0.17282915865147638	0.19231530294474306	0.18665735429076694	0.1885990855100573	0.1949605284921746	0.19119776191291943	0.19696193947751942	0.20023296305734414	0.1957457490673613	0.19944324950277903	0.18990009798599364	0.19400089748418425	0.1909182450825908	
0.2349362960374376	0.26269507501317063	0.2529215375206137	0.25011692083770903	0.2640862184493025	0.2676971265721041	0.25687667203563075	0.2458444865367489	0.2236735300677398	0.22159596118528874	0.1785191885825448	0.0	0.17633748230615795	0.2068973397740547	0.17960249679646528	0.1912668869468258	0.26931061080388086	0.28033642409010595	0.2173882820834383	0.24431568195199085	0.24424798573133305	0.14917993601913146	0.14535753292628958	0.14888429675407597	0.2863834296965902	0.2962030049647293	0.285497942046999	0.2618061153100465	0.2506601027338076	0.32689678480640394	0.2993690813847831	0.28533211140966813	0.26707974769690923	0.25151330918797055	0.27836779445200904	0.26038563726705155	0.256671724597302	0.24931194909292184	0.25519930186373635	0.25506512614953203	0.26178797473861043	0.2999427422347249	0.26868724953271245	0.3002412797387555	0.29664421320710155	0.2954455640010719	0.31414018716740677	0.3002518628234679	0.31075470724378224	0.3043305757512251	0.29628821888611956	0.309905934852707	0.29877996894028386	0.30399876944516185	0.29948944095418883	
0.1830149586389936	0.20128658157675292	0.19283232266591246	0.21071829442256296	0.20613652004370997	0.21168197100388908	0.20038356356301204	0.1996599691138018	0.17865836827792947	0.17977954294622303	0.13473121058056395	0.17633748230615795	0.0	0.16707727633232183	0.13668948185317517	0.15866136978029946	0.20795641880538587	0.2034471821003216	0.18553118120514211	0.2020181052645439	0.20858865899209544	0.1288732052688672	0.12447262532577057	0.1245849431098794	0.19265639165856538	0.19782527672055739	0.18962905429045082	0.1813694199540454	0.16848256909954212	0.20375620547748277	0.19730315584036942	0.18378168229125663	0.178517757888214	0.18099782772515674	0.22346046773714742	0.22398457616943995	0.2153765798196812	0.18996163377118672	0.2052997878478571	0.19213312773900734	0.17766328923516259	0.23380318293082708	0.18009401583090093	0.1973152862364799	0.1915159015718851	0.19539453451143377	0.20064570992179492	0.19674209044928423	0.19934698960923658	0.19980051147594047	0.19728700049506812	0.19953426036046965	0.1997116388788511	0.20121873147136654	0.19487382385037363	
0.2080466349677894	0.2187126785101347	0.21217394989987953	0.2175626081237565	0.2215704345908179	0.22580998847600525	0.2185221187363555	0.21438916907543362	0.21133338043926442	0.1957811333730596	0.16821122508850322	0.2068973397740547	0.16707727633232183	0.0	0.17003224286383817	0.18815514895607266	0.2226533733024985	0.22332401668034557	0.19253039339175312	0.21179196118746882	0.2155557565895476	0.13064506549787286	0.1313621751276307	0.13311178002957624	0.21032560666302305	0.21277698975946352	0.20647429585068508	0.199523870588396	0.19802019994954495	0.19565811259088073	0.20385627040192347	0.21007287506169223	0.1983026499838151	0.2002123711277667	0.22859804731673936	0.23068682408778132	0.22680201928731594	0.21954863587139664	0.21970629818082604	0.23010101562544696	0.20718331894189046	0.23282771126005067	0.20192062238038871	0.20890507170466946	0.20846926640152433	0.21169319247236948	0.2102289390290169	0.21050017011718147	0.21064365648405994	0.20306790119935236	0.20508249936985426	0.20190015179090112	0.2142662070356823	0.21158038835005583	0.21160216973258483	
0.18340272775827848	0.2006519199048002	0.1922090597718634	0.21050986717023448	0.20435668281745564	0.2112472044453844	0.20170372832761596	0.19969138908687242	0.18435493641443856	0.18420302518225093	0.1350928270533921	0.17960249679646528	0.13668948185317517	0.17003224286383817	0.0	0.1619239172348083	0.20764185090149126	0.19908216794806255	0.18625889943080418	0.2056758586464863	0.2133699697673073	0.12896339038955387	0.12498211047455925	0.12843022392792558	0.2005699771170502	0.1903415942060786	0.17915251817640634	0.1911318176808284	0.16666965851815688	0.20777795851166922	0.19674058568105532	0.17857209397239027	0.17818939361130373	0.19353034824172513	0.23005780033858617	0.2220971233741416	0.2179207614497258	0.18807077981491224	0.21725263400199638	0.19458643632995462	0.17805979450679318	0.23854382614928346	0.1785573759578832	0.1985920050267208	0.18803832491825745	0.19234086607245043	0.200995121323257	0.19605240252870904	0.19756025807216288	0.20259901031210414	0.20193785308764828	0.20110049533534405	0.19674660320855208	0.19784179749397612	0.1931934271524707	
0.1937237730270087	0.21989372712139316	0.21223969922887734	0.23108241459594722	0.22310462991062413	0.22820586880811833	0.21765570474740512	0.2162462148675974	0.2016389355183675	0.1954172912059545	0.15265735239255473	0.1912668869468258	0.15866136978029946	0.18815514895607266	0.1619239172348083	0.0	0.223713553325195	0.2222534651651599	0.19034400095056006	0.19998212016255676	0.19785265433911406	0.15090689102366842	0.141426715714477	0.14294288797493976	0.22426077705733832	0.23141445777683511	0.20369997439769905	0.20179679480840668	0.1663784456467252	0.24338649465491433	0.25213042416262516	0.20623725845159233	0.19457645698498682	0.1956865207341426	0.255127255382822	0.23661595407089409	0.23982808382045662	0.16976017133253407	0.2207304517935668	0.17734679215279034	0.1812629901677052	0.23265525501522968	0.19262110224272644	0.2484320522183351	0.23817175803051296	0.23640154608915612	0.2625853993748342	0.2404219808214521	0.26065414714247354	0.26211757195420576	0.24904134527468771	0.2678787192810039	0.23776078350617094	0.25585372379456117	0.24372899583051635	
0.172489514935873	0.11301617605374482	0.1155523469359066	0.18158767913703022	0.13528064574465382	0.12919397997418378	0.13623016326342077	0.13537816416755125	0.27751562297365034	0.2498557969286524	0.20541873231977198	0.26931061080388086	0.20795641880538587	0.2226533733024985	0.20764185090149126	0.223713553325195	0.0	0.12094962164772234	0.20609897490968979	0.25981001215906385	0.22475517887210453	0.14246572957381787	0.1385986064328495	0.13876428212050207	0.4729511424355806	0.4541858069832276	0.437246706557834	0.45167584624904533	0.3539364828973529	0.3177515869160417	0.4641211665937944	0.3089039990911619	0.45635947540675104	0.40899768278325993	0.2763935677806434	0.2683166818148083	0.2680848573039749	0.39821981963375347	0.2847505307112472	0.3866355697100667	0.46917486084816645	0.2966591794784369	0.4346603279151541	0.4623983082914628	0.45170755246810157	0.4533326558376266	0.46694846816351876	0.45328735202445847	0.4665153622589934	0.46469141627147675	0.4660807723676851	0.4605313950380474	0.4556246224782015	0.4644240426074001	0.46321472713498363	
0.14813508208618903	0.13399004582327015	0.1436034801703998	0.21953801284862848	0.1652944009892011	0.1592969192778301	0.1733910012121729	0.16642252824151707	0.2919743949275521	0.25275357810788823	0.19985903204340066	0.28033642409010595	0.2034471821003216	0.22332401668034557	0.19908216794806255	0.2222534651651599	0.12094962164772234	0.0	0.19859026323776668	0.2607803299031084	0.2209204147857267	0.1450363259288846	0.1397920968721238	0.13366818915648762	0.5494671154362485	0.5287042428068173	0.5056490863460599	0.5172207771932529	0.4000793529527844	0.3564580950019847	0.5439487353191086	0.34079737677601835	0.5315908091707521	0.47797137320273847	0.29212412634107987	0.28031707517855065	0.2794955209557128	0.4611292013383875	0.31445896907599147	0.43905034976620355	0.547390691397878	0.3103073415203689	0.5058845452667634	0.5408541199700477	0.5281811239203251	0.5307291817664055	0.5465513995993418	0.5300896134099404	0.5468404702141173	0.5432496784704685	0.5453702393097051	0.5382789281416177	0.5320631511778462	0.544930377129459	0.5421664370635026	
0.2762815760724385	0.2015141365507882	0.19439896804661233	0.2235141595259405	0.2082127581267254	0.21299751828846405	0.20774680441486362	0.20220011814428046	0.22112882923959692	0.21292123045854727	0.1808763432075685	0.2173882820834383	0.18553118120514211	0.19253039339175312	0.18625889943080418	0.19034400095056006	0.20609897490968979	0.19859026323776668	0.0	0.19996749076297554	0.21284915518623285	0.1379088016683341	0.13110238802418073	0.1364856701799203	0.2639011896074461	0.2477467612126696	0.20375709821299157	0.26594231892266107	0.17057136661459	0.27806829056921045	0.2790112419848301	0.18313086659055522	0.21130782028196812	0.25534778661573687	0.2541406936824513	0.2527659675154927	0.2456019036963216	0.23120269571632768	0.275647761063929	0.23815504286842476	0.22757454349106326	0.24948467274710676	0.19979181396014736	0.27525212302704494	0.2537341651248947	0.2639594579349307	0.28678798447810494	0.26632907185673793	0.28501170462152153	0.2892830971673113	0.2872165403761516	0.28967212566849226	0.26244390027648445	0.2784748307114197	0.27862259151062846	
0.3085140746774247	0.2527666889538884	0.23645739411962857	0.25106300862210584	0.25514549153687743	0.2594425065079154	0.24947376396489176	0.24109533250880913	0.24933073161278543	0.23426742148237722	0.2006798913200693	0.24431568195199085	0.2020181052645439	0.21179196118746882	0.2056758586464863	0.19998212016255676	0.25981001215906385	0.2607803299031084	0.19996749076297554	0.0	0.21846903128340717	0.14408617357919892	0.13736928813361884	0.14252081586110918	0.3233846297953481	0.3313742745273841	0.27718716636609403	0.31574239735056536	0.2227871906981891	0.3246634975541488	0.36573188893688396	0.2655748465549704	0.27975758436250264	0.2964148930984175	0.30074331794412656	0.28100528907417394	0.27818729811825516	0.24525966415914102	0.3115138265233694	0.2540155965112696	0.2771987774854476	0.2400399445139557	0.2646376833490483	0.35960387949544403	0.34147501662916024	0.3502630255228795	0.3725926642611552	0.3507442591418179	0.37380656057197315	0.36771631354369294	0.360950181610264	0.3747327688873039	0.34479775182407757	0.3672597473561927	0.3609829956846535	
0.28219949330534455	0.22316486408271644	0.21398084517057644	0.23711278166651542	0.22793957059421877	0.2356478906684922	0.22507702513177222	0.2235410457989746	0.2506720539914353	0.23661067271150335	0.2052194648956907	0.24424798573133305	0.20858865899209544	0.2155557565895476	0.2133699697673073	0.19785265433911406	0.22475517887210453	0.2209204147857267	0.21284915518623285	0.21846903128340717	0.0	0.1606310279015277	0.1519192458701512	0.15696151146779752	0.27535062655360487	0.3013110247441053	0.22811422836611575	0.28028285985615253	0.1686683944799577	0.3071172897459264	0.35085517589463405	0.21269520650254548	0.22882607210984235	0.2618210475838927	0.3090233087498365	0.27023567403515086	0.275430480691653	0.19768963326188346	0.2892677486401411	0.20628218282249602	0.21583455021310774	0.248557587641316	0.21278656901964257	0.3382201394393134	0.3109347416395979	0.3212618396952384	0.3738524012088858	0.32180548498112904	0.3682469327250991	0.35952455940685335	0.3417097420471465	0.37460606159019616	0.30968695179046046	0.35455446139839586	0.33099315973340154	
0.1503844099074578	0.15051925935191696	0.16508458855245	0.188398340623114	0.14839886220065904	0.15496715347259213	0.14856091709043645	0.14121104695111913	0.1587205426731444	0.15041259884907293	0.12984775268711293	0.14917993601913146	0.1288732052688672	0.13064506549787286	0.12896339038955387	0.15090689102366842	0.14246572957381787	0.1450363259288846	0.1379088016683341	0.14408617357919892	0.1606310279015277	0.0	0.062160639205146306	0.05370576742829361	0.0356147284514267	0.04610897159465646	0.05144257555503935	0.06553704139378273	0.08006954210351018	0.038310229936147855	0.042191340148221235	0.06695932394679542	0.06155165246658693	0.03729128041844592	0.16314722563564385	0.18641272877581175	0.17312844399190838	0.1227054384293991	0.12115875769991319	0.1342476903577356	0.057778477399423794	0.16227722090803015	0.07509034032876884	0.043494433927335735	0.04781296607284316	0.04132309824437238	0.045331190031044875	0.040716979447491475	0.0455206792547794	0.04805463229573884	0.04184921100259518	0.044710086263698774	0.040376352723626656	0.04269361281005675	0.04359478987796859	
0.14808944239976551	0.1448387544177149	0.15885581829920206	0.18779956677590376	0.14444188890085863	0.1524089716036683	0.1456674379829646	0.13904388393452657	0.15531045916911265	0.14721181947068798	0.12356466804227144	0.14535753292628958	0.12447262532577057	0.1313621751276307	0.12498211047455925	0.141426715714477	0.1385986064328495	0.1397920968721238	0.13110238802418073	0.13736928813361884	0.1519192458701512	0.062160639205146306	0.0	9.131584377541913e-15	0.03532571930064333	0.04695490818801469	0.04732341224243062	0.05643072530318445	0.06850327770507222	0.012443638089066686	0.04651356295955047	0.05874672623313571	0.05365045863005382	0.032440983220505364	0.16050469383715765	0.18358023589528358	0.17420328019375214	0.11985392735072875	0.12300412226234561	0.1330922892764747	0.050482776522922566	0.15705377626759198	0.06471589738128457	0.04663787250812852	0.04881643068109837	0.04380002810652159	0.05063283588630691	0.04410804334600916	0.049820406225412076	0.048923668046530915	0.04429453512271274	0.04776894889992097	0.04362238256680616	0.04798877437067867	0.04595753266733023	
0.1413671633773397	0.14168980425844113	0.15374296846948318	0.185209713878361	0.14409918009500863	0.1513763949950735	0.14621808563740965	0.14263993147227214	0.15803231490106226	0.15029064714565263	0.12413516587801661	0.14888429675407597	0.1245849431098794	0.13311178002957624	0.12843022392792558	0.14294288797493976	0.13876428212050207	0.13366818915648762	0.1364856701799203	0.14252081586110918	0.15696151146779752	0.05370576742829361	9.131584377541913e-15	0.0	0.03945659890633164	0.044413880751706374	0.03920959855587202	0.04774693251167368	0.05033103747664929	0.011815249223147152	0.047474578026172005	0.048050129881641424	0.04330910782623891	0.03331022111707557	0.16286830554261825	0.18621863326195195	0.17559956052132056	0.11609581471146276	0.12960827488355822	0.1330699167180739	0.04087878881919649	0.15980632710271428	0.049481583230795045	0.046610713200806196	0.04719844656411928	0.045022426167128975	0.0505180015614703	0.045304316612181456	0.050192380031138156	0.05081855817242434	0.048100822044188724	0.048959482595749226	0.04355443186496223	0.047951603137244	0.04803066941283058	
0.36477689757625503	0.4567951804511994	0.42693665301332345	0.4032680927815627	0.451963875937023	0.4556875453991005	0.41434827535040203	0.3651683097967072	0.3097130796527974	0.27149942621546513	0.19046444137002166	0.2863834296965902	0.19265639165856538	0.21032560666302305	0.2005699771170502	0.22426077705733832	0.4729511424355806	0.5494671154362485	0.2639011896074461	0.3233846297953481	0.27535062655360487	0.0356147284514267	0.03532571930064333	0.03945659890633164	0.0	0.701772484499129	0.694389861677162	0.6951394680205856	0.6932499549224795	0.5462485697921621	0.7032871248643485	0.7067122611077062	0.686405113617277	0.7059571516742248	0.4914047969027833	0.41649694547432226	0.3304489765949355	0.5431722425699285	0.6434827317774973	0.5279098424431025	0.6855563434175318	0.40804899177398307	0.6919705051517779	0.7070334645545651	0.6966918257019827	0.7059081951642124	0.6894298949131863	0.7071053669715963	0.6941164743758855	0.7055650218087638	0.7034909381079415	0.6761169129669515	0.70709794229654	0.7001027924526043	0.7049524806679994	
0.4732629645681342	0.4401864135913055	0.40087620264527474	0.395468111555922	0.4349579563560208	0.4384440968881131	0.3914626621764022	0.3540670377760555	0.30855317820035494	0.27408667448986035	0.18546848332825341	0.2962030049647293	0.19782527672055739	0.21277698975946352	0.1903415942060786	0.23141445777683511	0.4541858069832276	0.5287042428068173	0.2477467612126696	0.3313742745273841	0.3013110247441053	0.04610897159465646	0.04695490818801469	0.044413880751706374	0.701772484499129	0.0	0.6986274543704116	0.6407304425419634	0.7069325144594886	0.5888663006149614	0.6988905493708911	0.6967408556988871	0.7037723353471448	0.6115537588798377	0.42016082515964037	0.35226461298221556	0.34333562939434564	0.5544555722924844	0.44649140012828503	0.518133127570859	0.6963702463489199	0.44106903039528955	0.7041340213339687	0.6966180589103338	0.6963203285844345	0.6961698643290949	0.7069508469476228	0.6846896961398083	0.7070394472729211	0.7070956936652993	0.7060674047143248	0.7063517395745271	0.6854131454823638	0.691940748908471	0.705989220880947	
0.49939706610540907	0.4201821038552305	0.38503624250144697	0.37683958321054256	0.41208296020520857	0.4156425402678331	0.37734749696210274	0.34072915441463464	0.2974254680433463	0.25505135952050556	0.175373160832325	0.285497942046999	0.18962905429045082	0.20647429585068508	0.17915251817640634	0.20369997439769905	0.437246706557834	0.5056490863460599	0.20375709821299157	0.27718716636609403	0.22811422836611575	0.05144257555503935	0.04732341224243062	0.03920959855587202	0.694389861677162	0.6986274543704116	0.0	0.634285424710368	0.6979971346645899	0.46609870199345893	0.706648427437601	0.6807259507319949	0.706702752223298	0.5908297724387631	0.34569679682276516	0.32882802015900175	0.3338677947202475	0.5738197838755423	0.37652425808475953	0.5318807402498471	0.7039624847959418	0.3451432820409911	0.7070894568581676	0.7052408241160938	0.702831402258052	0.7009570029609592	0.7048404074682861	0.6952970588173	0.7059164256482742	0.6982248921371514	0.7010318680345832	0.6950866996282015	0.692849175506484	0.7065577258795237	0.7070334645545652	
0.4577258521100384	0.44106530196197496	0.4115786140186246	0.3826872582281058	0.4417338927511844	0.44317433824006996	0.3994751277788736	0.3634598960305887	0.2813476767402951	0.2507608155850523	0.17509196844633185	0.2618061153100465	0.1813694199540454	0.199523870588396	0.1911318176808284	0.20179679480840668	0.45167584624904533	0.5172207771932529	0.26594231892266107	0.31574239735056536	0.28028285985615253	0.06553704139378273	0.05643072530318445	0.04774693251167368	0.6951394680205856	0.6407304425419634	0.634285424710368	0.0	0.6564163160677757	0.4939213702604438	0.6535398840162172	0.6484437369579754	0.6486894480411487	0.7058666162951479	0.49762371402599376	0.44068811965809584	0.3179681529720177	0.5321337853438719	0.6431257138395278	0.5160262650830054	0.6533059160913938	0.37658510035179465	0.6650323150043199	0.6661985289686849	0.6394692173982367	0.659094515225241	0.613349101246635	0.6619051140458382	0.6190790579562129	0.6661985289686837	0.671763038578287	0.6176672890804903	0.663379815791791	0.6369052676811181	0.6553337470327204	
0.34309732680487076	0.3503654700253276	0.32816018448603096	0.3411523495652417	0.3441718423080854	0.3514053108154135	0.33316791239409055	0.29292107782342014	0.27215688366253044	0.222785957939859	0.16126522819786845	0.2506601027338076	0.16848256909954212	0.19802019994954495	0.16666965851815688	0.1663784456467252	0.3539364828973529	0.4000793529527844	0.17057136661459	0.2227871906981891	0.1686683944799577	0.08006954210351018	0.06850327770507222	0.05033103747664929	0.6932499549224795	0.7069325144594886	0.6979971346645899	0.6564163160677757	0.0	0.2953354364109027	0.7019285433717676	0.6056143822599187	0.7012353527882532	0.6041588532827943	0.2946716594659648	0.3114737054112965	0.26637305560246094	0.5737382026038741	0.41596042106944275	0.5335638536957108	0.7021161015102612	0.23038186025857296	0.6866493136965884	0.7041987077522972	0.7069870720175875	0.7068527993861021	0.6797222373882069	0.7071053669715938	0.6901315671667372	0.6752882495645942	0.6820592203027461	0.6548164781067208	0.7069418080719639	0.6977432049113831	0.703744712235923	
0.3529529624084913	0.3208352865414507	0.30279442289445074	0.24663409765445052	0.30237558325998654	0.29597146003686636	0.30978887254871734	0.25365070601634176	0.3328484052196603	0.30809138738389785	0.20839701979019162	0.32689678480640394	0.20375620547748277	0.19565811259088073	0.20777795851166922	0.24338649465491433	0.3177515869160417	0.3564580950019847	0.27806829056921045	0.3246634975541488	0.3071172897459264	0.038310229936147855	0.012443638089066686	0.011815249223147152	0.5462485697921621	0.5888663006149614	0.46609870199345893	0.4939213702604438	0.2953354364109027	0.0	0.6846896961398017	0.45201714569247625	0.4261431684304846	0.43078474903366454	0.5178898634719046	0.302805782100961	0.3862215038149029	0.13579158568040894	0.3406883007882767	0.1526215873108004	0.37858343862352317	0.2674452639782006	0.4073433686706804	0.664827661879332	0.6232327975965115	0.6251148854410771	0.7064343706247784	0.6387327297078813	0.7068374070463135	0.701525067264121	0.6699731188637287	0.7056022108808538	0.6242899326434349	0.6929355525588923	0.6555055301063537	
0.5028883128653245	0.4523445219602004	0.4130983841282793	0.4016998863658071	0.4455469166378197	0.45073390847755734	0.39776685531889155	0.35978136845436787	0.30913183877008676	0.2811861564416745	0.1928380205685686	0.2993690813847831	0.19730315584036942	0.20385627040192347	0.19674058568105532	0.25213042416262516	0.4641211665937944	0.5439487353191086	0.2790112419848301	0.36573188893688396	0.35085517589463405	0.042191340148221235	0.04651356295955047	0.047474578026172005	0.7032871248643485	0.6988905493708911	0.706648427437601	0.6535398840162172	0.7019285433717676	0.6846896961398017	0.0	0.7068175294939949	0.7024969750825238	0.6259348847922909	0.4888229120761904	0.35735781268808087	0.3495001393838334	0.468649602886779	0.47857369588887355	0.47864671355419053	0.6873045176630288	0.5050805541432689	0.6962702923434204	0.6791924469544878	0.6945254350994444	0.6741800353021895	0.6896547542067637	0.6725483477043891	0.6946064209320472	0.6845435121305413	0.686370104244117	0.69820224863572	0.6856634159702838	0.67245645212163	0.6940062823922813	
0.28162252191970244	0.31218634365272296	0.2862531984134854	0.2989734597051788	0.32411178744788577	0.3231993663865999	0.2990119660508681	0.27532985559394146	0.302837176852008	0.24709577562217103	0.180591002768655	0.28533211140966813	0.18378168229125663	0.21007287506169223	0.17857209397239027	0.20623725845159233	0.3089039990911619	0.34079737677601835	0.18313086659055522	0.2655748465549704	0.21269520650254548	0.06695932394679542	0.05874672623313571	0.048050129881641424	0.7067122611077062	0.6967408556988871	0.6807259507319949	0.6484437369579754	0.6056143822599187	0.45201714569247625	0.7068175294939949	0.0	0.6997576580502926	0.6063796830369309	0.3243833227114005	0.29383236688562986	0.29445815596735553	0.5688918810917979	0.39144206564165385	0.5417697306463207	0.7061720895079673	0.3315063555351408	0.6838795069308474	0.7056752227476619	0.6933916642128946	0.694143947607428	0.703962484795942	0.6967408556988884	0.7068857757798602	0.7007678074798166	0.702216932293698	0.6907876084586314	0.7001628239203265	0.7071066539073532	0.7042880660638717	
0.480054931825718	0.4434223629770441	0.40980571630395857	0.39178176430342326	0.4350785734836342	0.44073564263653076	0.40174497811805426	0.35893219200907533	0.28515926798337227	0.23971398932973828	0.17300095532426513	0.26707974769690923	0.178517757888214	0.1983026499838151	0.17818939361130373	0.19457645698498682	0.45635947540675104	0.5315908091707521	0.21130782028196812	0.27975758436250264	0.22882607210984235	0.06155165246658693	0.05365045863005382	0.04330910782623891	0.686405113617277	0.7037723353471448	0.706702752223298	0.6486894480411487	0.7012353527882532	0.4261431684304846	0.7024969750825238	0.6997576580502926	0.0	0.6083189788260462	0.3542797957398677	0.3394245821797099	0.29585670756842414	0.5438482991326206	0.4616341518785993	0.515922973084184	0.6973911958147934	0.3268203618572703	0.7070794014819378	0.7025293730514034	0.705061699427777	0.7064708911200285	0.6812006899585679	0.7065005449396478	0.684286489710308	0.6833936493705074	0.6936728335461989	0.6690117936180272	0.7053423424125256	0.6966180589103289	0.7014353284515717	
0.42459713612330113	0.4077859976033633	0.3871543933825283	0.36276159283656295	0.40665470367073897	0.4099433829492298	0.36136169443816507	0.3345169556235683	0.27418193999022517	0.2510873681039728	0.1753571650219457	0.25151330918797055	0.18099782772515674	0.2002123711277667	0.19353034824172513	0.1956865207341426	0.40899768278325993	0.47797137320273847	0.25534778661573687	0.2964148930984175	0.2618210475838927	0.03729128041844592	0.032440983220505364	0.03331022111707557	0.7059571516742248	0.6115537588798377	0.5908297724387631	0.7058666162951479	0.6041588532827943	0.43078474903366454	0.6259348847922909	0.6063796830369309	0.6083189788260462	0.0	0.49493763813686387	0.44658501755431385	0.3088167033708006	0.5343964721264787	0.6269429950684653	0.508724805794621	0.6362898553332085	0.3335096383091638	0.6191570883062812	0.6390010798112512	0.5977584629262976	0.6350495886150173	0.5531143643045014	0.6394692173982363	0.5598764863788851	0.6491791124181562	0.6804469119630279	0.576724388248002	0.6369734531360165	0.6048454348013064	0.6261576638515616	
0.4095294340171642	0.27878672577740954	0.2682596346204974	0.2662641572454163	0.27508965498152715	0.27822533125169707	0.27430784315702555	0.25351194268444943	0.28432060314017626	0.27461335975745294	0.22336123559145962	0.27836779445200904	0.22346046773714742	0.22859804731673936	0.23005780033858617	0.255127255382822	0.2763935677806434	0.29212412634107987	0.2541406936824513	0.30074331794412656	0.3090233087498365	0.16314722563564385	0.16050469383715765	0.16286830554261825	0.4914047969027833	0.42016082515964037	0.34569679682276516	0.49762371402599376	0.2946716594659648	0.5178898634719046	0.4888229120761904	0.3243833227114005	0.3542797957398677	0.49493763813686387	0.0	0.3705142355348774	0.3341664989614486	0.3605913524325613	0.4779358455211697	0.35703689264759775	0.3886455427155823	0.4112505071582784	0.3556087654426014	0.4733517056350667	0.43679904677031767	0.4521775097971276	0.500207031528453	0.4676466551237383	0.4972514607733714	0.5149181101381768	0.5124075212948664	0.5030078050807828	0.45336120304431327	0.4857094918305508	0.48639662964631164	
0.37109833639715994	0.26592114997882227	0.26501325827280603	0.2729535319650474	0.26699634370420855	0.26870797069028496	0.2615616046803326	0.24728020313624138	0.2635374635368564	0.2590791406977924	0.21703386164577834	0.26038563726705155	0.22398457616943995	0.23068682408778132	0.2220971233741416	0.23661595407089409	0.2683166818148083	0.28031707517855065	0.2527659675154927	0.28100528907417394	0.27023567403515086	0.18641272877581175	0.18358023589528358	0.18621863326195195	0.41649694547432226	0.35226461298221556	0.32882802015900175	0.44068811965809584	0.3114737054112965	0.302805782100961	0.35735781268808087	0.29383236688562986	0.3394245821797099	0.44658501755431385	0.3705142355348774	0.0	0.29933598443175297	0.37912554744458754	0.4155543464890566	0.3616467811184318	0.3729397732314275	0.3017038357364418	0.3364285294539405	0.3605349230044104	0.3329954990723378	0.34772869567614184	0.32656443830478704	0.35645269387542405	0.31828922622446265	0.39042811258721705	0.4022071267563688	0.3358801431236955	0.3616235694197155	0.3526346371278276	0.36634001630865737	
0.35197167204831015	0.26829317433338107	0.2625346556278818	0.2660509390870775	0.2678203801673795	0.2727175303589898	0.2600716037405528	0.2513218352322877	0.25796412404088426	0.25049823928969667	0.21592765276842502	0.256671724597302	0.2153765798196812	0.22680201928731594	0.2179207614497258	0.23982808382045662	0.2680848573039749	0.2794955209557128	0.2456019036963216	0.27818729811825516	0.275430480691653	0.17312844399190838	0.17420328019375214	0.17559956052132056	0.3304489765949355	0.34333562939434564	0.3338677947202475	0.3179681529720177	0.26637305560246094	0.3862215038149029	0.3495001393838334	0.29445815596735553	0.29585670756842414	0.3088167033708006	0.3341664989614486	0.29933598443175297	0.0	0.35372829972494196	0.3157053294122444	0.33563929431486134	0.3205406293379085	0.34179379667479615	0.29987837762258135	0.3498627767088528	0.343665250241307	0.3406858690519869	0.3736548680795154	0.3465602269457264	0.3748721736774354	0.34871362803957645	0.3427650834217583	0.36135793381614195	0.3508870127780913	0.36242002801723	0.3408779264429092	
