0.0	0.5263605704360073	0.5763542382350701	0.5559602411054938	0.5405384599379831	0.5053659812433587	0.5472674219442585	0.5092696269550717	0.8698493917365079	0.9551673476550582	0.9097487799974052	0.8830460245995133	0.8994585990799465	0.9372272711767308	0.9272237279801098	0.8178315207532811	0.5151924741842177	0.5198637944900784	1.2111671038306888	1.603657586169098	1.6303617824086765	1.5881570725493663	0.7660781164587859	0.6622781096806486	9.632554669332704e+16	7.243374075564038e+16	6.944185755389799e+16	3.2467530728051684e+16	4.656961440339853e+16	8.954853349436435e+16	8.764215243254368e+16	8.483424511853125e+16	3.5174666238875812e+16	5.1665601879464264e+16	2.701729439053706	2.1122457174728395	2.2531829584611294	10.465197236092742	3.3428694486501995	6.002575072483288	3.823433105088844e+16	1.5320735098862852	3.077923400001065e+16	9.9051608724978e+16	9.855694135233314e+16	8.545631822998744e+16	1.1182070197012802e+17	8.979963872580403e+16	1.1085178704569054e+17	1.0222318150481659e+17	1.2403175727774286e+17	1.064541578753135e+17	9.465321383536371e+16	1.0627979719754662e+17	8.319305193373237e+16	
0.5263605704360073	0.0	0.568745872055962	0.5548900302056564	0.5375706777812922	0.48866293409892464	0.564456736085418	0.49228115387755816	0.8690196524954852	0.9920590011627838	0.9602521455553439	0.8970657437985976	0.9508113179900997	0.9795233609630358	0.9550892973413339	0.8547788377584046	0.504299108890334	0.51169563357181	1.1550795629354151	1.5155467187367089	1.5421373900081405	1.5504553856810106	0.8589628698703334	0.7730616395563285	9.632554669332704e+16	7.243374075564038e+16	6.944185755389799e+16	3.246753072805169e+16	4.656961440339853e+16	8.954853349436435e+16	8.764215243254368e+16	8.483424511853125e+16	3.5174666238875816e+16	5.1665601879464264e+16	2.6559585911020527	2.155162862688647	2.2404868990946527	10.509457499362963	3.3571736660486167	6.039243868376259	3.823433105088844e+16	1.5237416712412848	3.077923400001065e+16	9.9051608724978e+16	9.855694135233314e+16	8.545631822998744e+16	1.1182070197012802e+17	8.979963872580403e+16	1.1085178704569054e+17	1.0222318150481659e+17	1.2403175727774286e+17	1.064541578753135e+17	9.465321383536371e+16	1.0627979719754662e+17	8.319305193373237e+16	
0.5763542382350701	0.568745872055962	0.0	0.5901444737211989	0.5121015961839472	0.5562117446968977	0.5120087345418008	0.5274719709352059	0.8412020060091078	0.9357176260626129	0.91321310009524	0.8557723382095278	0.8966888076488349	0.9179169112496778	0.919354986179298	0.8098147927854742	0.5141598634223142	0.5358334762960251	1.176128515710236	1.586544805392104	1.5785693578183009	1.569798148278582	0.9830421047935888	0.9007371363622331	9.632554669332704e+16	7.243374075564038e+16	6.944185755389799e+16	3.246753072805169e+16	4.656961440339853e+16	8.954853349436435e+16	8.764215243254368e+16	8.483424511853125e+16	3.5174666238875812e+16	5.1665601879464264e+16	2.668899148095742	2.163644788608164	2.2251669770966593	10.531979596508933	3.359554252142524	6.012142847545991	3.823433105088844e+16	1.5980783262212022	3.0779234000010652e+16	9.9051608724978e+16	9.855694135233314e+16	8.545631822998744e+16	1.1182070197012802e+17	8.979963872580403e+16	1.1085178704569054e+17	1.0222318150481659e+17	1.2403175727774286e+17	1.064541578753135e+17	9.465321383536371e+16	1.0627979719754662e+17	8.319305193373237e+16	
0.5559602411054938	0.5548900302056564	0.5901444737211989	0.0	0.5702424352810341	0.5628392879763594	0.608669921092086	0.5391378547801352	0.8806579995778787	0.9967553922368312	0.9678771237221228	0.9233199630048843	0.940498958501046	0.9793764010524454	0.9819679872666508	0.8720681459292866	0.545694847076651	0.5436355121581873	1.3018012332431714	1.6255633818852129	1.6989824107566434	1.601060203337811	0.8713513444766419	0.8321415349373656	9.632554669332704e+16	7.243374075564038e+16	6.944185755389799e+16	3.2467530728051684e+16	4.656961440339853e+16	8.954853349436435e+16	8.764215243254368e+16	8.483424511853125e+16	3.5174666238875812e+16	5.1665601879464264e+16	2.733442567791892	2.1409256756386785	2.245657601088784	10.464831964127908	3.366068321396383	5.967760058181622	3.823433105088844e+16	1.641600684930692	3.0779234000010652e+16	9.9051608724978e+16	9.855694135233314e+16	8.545631822998744e+16	1.1182070197012802e+17	8.979963872580403e+16	1.1085178704569054e+17	1.0222318150481659e+17	1.2403175727774286e+17	1.064541578753135e+17	9.465321383536371e+16	1.0627979719754662e+17	8.319305193373237e+16	
0.5405384599379831	0.5375706777812922	0.5121015961839472	0.5702424352810341	0.0	0.5605097448664472	0.6004951320758769	0.5267516916156249	0.9054682606586819	1.0270471857843275	0.9792262363355264	0.9428270219641615	0.9835108277869156	1.00001109100032	1.0088560882191946	0.8990505628347916	0.5344448803887263	0.5335246560003603	1.286068367827572	1.6465046575048112	1.693438343347429	1.615467018939249	0.8165042613188116	0.748848512836265	9.632554669332704e+16	7.243374075564038e+16	6.944185755389799e+16	3.2467530728051684e+16	4.656961440339853e+16	8.954853349436435e+16	8.764215243254368e+16	8.483424511853125e+16	3.5174666238875812e+16	5.1665601879464264e+16	2.7290853024906476	2.1524755731914227	2.26530499256234	10.437978213167991	3.3666810894935106	5.9493147517614675	3.823433105088844e+16	1.6474943689759751	3.077923400001065e+16	9.9051608724978e+16	9.855694135233314e+16	8.545631822998744e+16	1.1182070197012802e+17	8.979963872580403e+16	1.1085178704569054e+17	1.0222318150481659e+17	1.2403175727774286e+17	1.064541578753135e+17	9.465321383536371e+16	1.0627979719754662e+17	8.319305193373237e+16	
0.5053659812433587	0.48866293409892464	0.5562117446968977	0.5628392879763594	0.5605097448664472	0.0	0.5691297295964385	0.5182830176928852	0.9425608618140927	1.0898714175321904	1.0461560295526693	0.9942926728756223	1.041795562326438	1.0707285311321333	1.0823729103538913	0.9421363642670011	0.530477688093701	0.5262197775339159	1.308682725570929	1.701350587690427	1.675266552610486	1.6237226419089066	0.7395760359285232	0.6607011500572227	9.632554669332704e+16	7.243374075564038e+16	6.944185755389799e+16	3.246753072805169e+16	4.656961440339853e+16	8.954853349436435e+16	8.764215243254368e+16	8.483424511853125e+16	3.5174666238875812e+16	5.1665601879464264e+16	2.738995856623313	2.158808648038707	2.2914470604548542	10.4499811258469	3.385896964410968	6.000563744189649	3.823433105088844e+16	1.6509494575250487	3.077923400001065e+16	9.9051608724978e+16	9.855694135233314e+16	8.545631822998744e+16	1.1182070197012802e+17	8.979963872580403e+16	1.1085178704569054e+17	1.0222318150481659e+17	1.2403175727774286e+17	1.064541578753135e+17	9.465321383536371e+16	1.0627979719754662e+17	8.319305193373237e+16	
0.5472674219442585	0.564456736085418	0.5120087345418008	0.608669921092086	0.6004951320758769	0.5691297295964385	0.0	0.5589903662601591	0.8978520640202707	0.9964442254580059	0.9406574990734892	0.9129865140685626	0.9558911200016519	0.9958651324158999	0.970429558373357	0.8541471035357913	0.5435678336554389	0.5590589235791993	1.2200319060771745	1.610903917630725	1.6052542404133614	1.6105805610647936	0.8719799841892723	0.7798658951479294	9.632554669332704e+16	7.243374075564038e+16	6.944185755389799e+16	3.246753072805169e+16	4.656961440339853e+16	8.954853349436435e+16	8.764215243254368e+16	8.483424511853125e+16	3.5174666238875812e+16	5.1665601879464264e+16	2.703387359844631	2.1856661940453406	2.2431322004617624	10.493334720242789	3.4075938355191284	6.022475087670366	3.823433105088844e+16	1.559188370120168	3.0779234000010652e+16	9.9051608724978e+16	9.855694135233314e+16	8.545631822998744e+16	1.1182070197012802e+17	8.979963872580403e+16	1.1085178704569054e+17	1.0222318150481659e+17	1.2403175727774286e+17	1.064541578753135e+17	9.465321383536371e+16	1.0627979719754662e+17	8.319305193373237e+16	
0.5092696269550717	0.49228115387755816	0.5274719709352059	0.5391378547801352	0.5267516916156249	0.5182830176928852	0.5589903662601591	0.0	0.8501663140377281	0.9985113035536309	0.9656508944549145	0.9020323448550407	0.9776278477130307	0.9676313612685384	0.9695922401759222	0.8588341192521985	0.5026563343808291	0.5162446079053545	1.2173572845763903	1.6028491042503668	1.6012610818760764	1.5171765057590598	0.7778655985969908	0.6915225340937029	9.632554669332704e+16	7.243374075564038e+16	6.944185755389799e+16	3.246753072805169e+16	4.656961440339853e+16	8.954853349436435e+16	8.764215243254368e+16	8.483424511853125e+16	3.5174666238875812e+16	5.1665601879464264e+16	2.6919612876774965	2.1016559712436407	2.241245817766993	10.478433060216618	3.3515398997449135	6.000392170796051	3.823433105088844e+16	1.5717743930375512	3.077923400001065e+16	9.9051608724978e+16	9.855694135233314e+16	8.545631822998744e+16	1.1182070197012802e+17	8.979963872580403e+16	1.1085178704569054e+17	1.0222318150481659e+17	1.2403175727774286e+17	1.064541578753135e+17	9.465321383536371e+16	1.0627979719754662e+17	8.319305193373237e+16	
0.8698493917365079	0.8690196524954852	0.8412020060091078	0.8806579995778787	0.9054682606586819	0.9425608618140927	0.8978520640202707	0.8501663140377281	0.0	0.8001159751109391	0.7140200241226627	0.7484197014331677	0.7405257234673921	0.7933793822250128	0.6793652183332247	0.7199688179341426	0.9055250920132164	0.9083730484193753	1.3004367098258183	1.6107509352102016	1.6870849641218895	1.5870627374074127	1.1397050370903168	1.0766910860286276	9.632554669332704e+16	7.243374075564038e+16	6.944185755389799e+16	3.246753072805169e+16	4.6569614403398536e+16	8.954853349436435e+16	8.764215243254368e+16	8.483424511853125e+16	3.5174666238875812e+16	5.1665601879464264e+16	2.748533028176826	2.151852124598625	2.2135201689045045	10.617612115203256	3.4031631036279064	6.089373556232005	3.823433105088844e+16	1.6413664531522194	3.077923400001065e+16	9.9051608724978e+16	9.855694135233314e+16	8.545631822998744e+16	1.1182070197012802e+17	8.979963872580403e+16	1.1085178704569054e+17	1.0222318150481659e+17	1.2403175727774286e+17	1.064541578753135e+17	9.465321383536371e+16	1.0627979719754662e+17	8.319305193373237e+16	
0.9551673476550582	0.9920590011627838	0.9357176260626129	0.9967553922368312	1.0270471857843275	1.0898714175321904	0.9964442254580059	0.9985113035536309	0.8001159751109391	0.0	0.8093227731896488	0.7348585835973149	0.8085872966619668	0.6657969482683437	0.765036715247253	0.7276883828154792	1.0457013760129914	1.049252041786329	1.2251822532580994	1.4866133678330875	1.6132182791843739	1.5780656254490621	0.997851723903398	0.9432035912109862	9.632554669332704e+16	7.243374075564038e+16	6.944185755389799e+16	3.246753072805169e+16	4.656961440339853e+16	8.954853349436435e+16	8.764215243254368e+16	8.483424511853125e+16	3.5174666238875812e+16	5.1665601879464264e+16	2.676140086445233	2.159273010806841	2.2256782977793264	10.661311573749282	3.35759068858681	6.123422142814748	3.823433105088843e+16	1.4931654854988914	3.077923400001065e+16	9.9051608724978e+16	9.855694135233314e+16	8.545631822998744e+16	1.1182070197012802e+17	8.979963872580403e+16	1.1085178704569054e+17	1.0222318150481659e+17	1.2403175727774286e+17	1.064541578753135e+17	9.465321383536371e+16	1.0627979719754662e+17	8.319305193373237e+16	
0.9097487799974052	0.9602521455553439	0.91321310009524	0.9678771237221228	0.9792262363355264	1.0461560295526693	0.9406574990734892	0.9656508944549145	0.7140200241226627	0.8093227731896488	0.0	0.7875952743701365	0.6147505330399986	0.8016632265697718	0.6291627207272811	0.6455004503780826	1.013016639857212	1.0059464847729287	1.3573279143574979	1.6680019115998774	1.6786334650494432	1.5848414541954021	0.9544304989446305	0.9140926197229678	9.632554669332704e+16	7.243374075564038e+16	6.944185755389799e+16	3.2467530728051684e+16	4.656961440339853e+16	8.954853349436435e+16	8.764215243254368e+16	8.483424511853125e+16	3.5174666238875812e+16	5.1665601879464264e+16	2.8171777334727723	2.147499369983436	2.26503673633278	10.692238106697657	3.375836077299679	6.186387820218442	3.823433105088844e+16	1.6477327342184285	3.077923400001065e+16	9.9051608724978e+16	9.855694135233314e+16	8.545631822998744e+16	1.1182070197012802e+17	8.979963872580403e+16	1.1085178704569054e+17	1.0222318150481659e+17	1.2403175727774286e+17	1.064541578753135e+17	9.465321383536371e+16	1.0627979719754662e+17	8.319305193373237e+16	
0.8830460245995133	0.8970657437985976	0.8557723382095278	0.9233199630048843	0.9428270219641615	0.9942926728756223	0.9129865140685626	0.9020323448550407	0.7484197014331677	0.7348585835973149	0.7875952743701365	0.0	0.7838235167123051	0.7396773942003834	0.7455729472732417	0.6517660220313223	0.9693887222365852	0.9504811409730435	1.194379827417913	1.5461457099368745	1.595700889729995	1.6341739043477022	0.9990476741622096	0.9201439802568503	9.632554669332704e+16	7.243374075564038e+16	6.944185755389799e+16	3.246753072805169e+16	4.656961440339853e+16	8.954853349436435e+16	8.764215243254368e+16	8.483424511853125e+16	3.5174666238875812e+16	5.1665601879464264e+16	2.6846673915176287	2.1836802786449314	2.209865348405994	10.597815088135876	3.357798302519382	6.122657482699106	3.823433105088844e+16	1.5375645224582661	3.077923400001065e+16	9.9051608724978e+16	9.855694135233314e+16	8.545631822998744e+16	1.1182070197012802e+17	8.979963872580403e+16	1.1085178704569054e+17	1.0222318150481659e+17	1.2403175727774286e+17	1.064541578753135e+17	9.465321383536371e+16	1.0627979719754662e+17	8.319305193373237e+16	
0.8994585990799465	0.9508113179900997	0.8966888076488349	0.940498958501046	0.9835108277869156	1.041795562326438	0.9558911200016519	0.9776278477130307	0.7405257234673921	0.8085872966619668	0.6147505330399986	0.7838235167123051	0.0	0.798122965568306	0.6295730044219502	0.6568640083896038	1.024452514263575	1.0007167342548458	1.3166304282648758	1.5670237099016295	1.6885926162200284	1.5877860572387084	0.9369382907646461	0.8905794621124604	9.632554669332704e+16	7.243374075564038e+16	6.944185755389799e+16	3.246753072805169e+16	4.656961440339853e+16	8.954853349436435e+16	8.764215243254368e+16	8.483424511853125e+16	3.5174666238875812e+16	5.1665601879464264e+16	2.7569467893835133	2.1299922799521602	2.243121816642285	10.670537226193515	3.3067323886818	6.143614275548297	3.823433105088844e+16	1.5439153619849633	3.077923400001065e+16	9.9051608724978e+16	9.855694135233314e+16	8.545631822998744e+16	1.1182070197012802e+17	8.979963872580403e+16	1.1085178704569054e+17	1.0222318150481659e+17	1.2403175727774286e+17	1.064541578753135e+17	9.465321383536371e+16	1.0627979719754662e+17	8.319305193373237e+16	
0.9372272711767308	0.9795233609630358	0.9179169112496778	0.9793764010524454	1.00001109100032	1.0707285311321333	0.9958651324158999	0.9676313612685384	0.7933793822250128	0.6657969482683437	0.8016632265697718	0.7396773942003834	0.798122965568306	0.0	0.7615588702055359	0.7216261618901005	1.0263602475529454	1.0172559416511857	1.2224485497233204	1.5024821907492574	1.6204105122605699	1.5552294329599843	1.0080010532359556	0.9564232865804047	9.632554669332704e+16	7.243374075564038e+16	6.944185755389799e+16	3.246753072805169e+16	4.656961440339853e+16	8.954853349436435e+16	8.764215243254368e+16	8.483424511853125e+16	3.5174666238875812e+16	5.1665601879464264e+16	2.6908843193273024	2.122311887659349	2.182119062246042	10.633331761178491	3.299629170398213	6.097176882260487	3.823433105088843e+16	1.5308007453720682	3.077923400001065e+16	9.9051608724978e+16	9.855694135233314e+16	8.545631822998744e+16	1.1182070197012802e+17	8.979963872580403e+16	1.1085178704569054e+17	1.0222318150481659e+17	1.2403175727774286e+17	1.064541578753135e+17	9.465321383536371e+16	1.0627979719754662e+17	8.319305193373237e+16	
0.9272237279801098	0.9550892973413339	0.919354986179298	0.9819679872666508	1.0088560882191946	1.0823729103538913	0.970429558373357	0.9695922401759222	0.6793652183332247	0.765036715247253	0.6291627207272811	0.7455729472732417	0.6295730044219502	0.7615588702055359	0.0	0.6390040911797052	1.0400381414966855	1.0265626838091912	1.274883031486153	1.542343069443997	1.632636296958279	1.5411942873880726	0.9984282082238761	0.9627369163701512	9.632554669332704e+16	7.243374075564038e+16	6.944185755389799e+16	3.246753072805169e+16	4.656961440339853e+16	8.954853349436435e+16	8.764215243254368e+16	8.483424511853125e+16	3.5174666238875812e+16	5.1665601879464264e+16	2.6985479903796517	2.1300539388523694	2.219322251132742	10.688833731426438	3.2974668682329638	6.157209426984464	3.823433105088843e+16	1.6026758502401293	3.077923400001065e+16	9.9051608724978e+16	9.855694135233314e+16	8.545631822998742e+16	1.1182070197012802e+17	8.979963872580403e+16	1.1085178704569054e+17	1.0222318150481659e+17	1.2403175727774286e+17	1.064541578753135e+17	9.465321383536371e+16	1.0627979719754662e+17	8.319305193373237e+16	
0.8178315207532811	0.8547788377584046	0.8098147927854742	0.8720681459292866	0.8990505628347916	0.9421363642670011	0.8541471035357913	0.8588341192521985	0.7199688179341426	0.7276883828154792	0.6455004503780826	0.6517660220313223	0.6568640083896038	0.7216261618901005	0.6390040911797052	0.0	0.9074210944163366	0.9208152283846165	1.2187659669297652	1.5549380337740102	1.6251921712062236	1.5159937467987743	0.8775911199623526	0.8165738705584095	9.632554669332704e+16	7.243374075564038e+16	6.944185755389799e+16	3.246753072805169e+16	4.656961440339853e+16	8.954853349436435e+16	8.764215243254368e+16	8.483424511853125e+16	3.5174666238875812e+16	5.1665601879464264e+16	2.7174773548024995	2.113851651978543	2.2284405961189058	10.699208944169829	3.32147212813404	6.1656804680174115	3.823433105088844e+16	1.5252011988689518	3.077923400001065e+16	9.9051608724978e+16	9.855694135233314e+16	8.545631822998744e+16	1.1182070197012802e+17	8.979963872580403e+16	1.1085178704569054e+17	1.0222318150481659e+17	1.2403175727774286e+17	1.064541578753135e+17	9.465321383536371e+16	1.0627979719754662e+17	8.319305193373237e+16	
0.5151924741842177	0.504299108890334	0.5141598634223142	0.545694847076651	0.5344448803887263	0.530477688093701	0.5435678336554389	0.5026563343808291	0.9055250920132164	1.0457013760129914	1.013016639857212	0.9693887222365852	1.024452514263575	1.0263602475529454	1.0400381414966855	0.9074210944163366	0.0	0.5137571649283416	1.3202023321611898	1.6945845437272329	1.6736916057665756	1.6043575464568978	0.7805574890228268	0.7189542426151039	9.632554669332704e+16	7.243374075564038e+16	6.944185755389799e+16	3.246753072805169e+16	4.656961440339853e+16	8.954853349436435e+16	8.764215243254368e+16	8.483424511853125e+16	3.5174666238875812e+16	5.1665601879464264e+16	2.7397456746526574	2.149889192677738	2.2728732154513605	10.498575174092041	3.3977185836686887	5.991112139775315	3.823433105088844e+16	1.6303111373022947	3.077923400001065e+16	9.9051608724978e+16	9.855694135233314e+16	8.545631822998744e+16	1.1182070197012802e+17	8.979963872580403e+16	1.1085178704569054e+17	1.0222318150481659e+17	1.2403175727774286e+17	1.064541578753135e+17	9.465321383536371e+16	1.0627979719754662e+17	8.319305193373237e+16	
0.5198637944900784	0.51169563357181	0.5358334762960251	0.5436355121581873	0.5335246560003603	0.5262197775339159	0.5590589235791993	0.5162446079053545	0.9083730484193753	1.049252041786329	1.0059464847729287	0.9504811409730435	1.0007167342548458	1.0172559416511857	1.0265626838091912	0.9208152283846165	0.5137571649283416	0.0	1.2664410608015884	1.6375000980697734	1.63941404679356	1.5709162291399295	0.830878884225339	0.7427872858572336	9.632554669332704e+16	7.243374075564038e+16	6.944185755389799e+16	3.246753072805169e+16	4.656961440339853e+16	8.954853349436435e+16	8.764215243254368e+16	8.483424511853125e+16	3.5174666238875816e+16	5.1665601879464264e+16	2.7358006618659547	2.1564302828170736	2.2658586204408393	10.476848627887268	3.3959475522624123	6.001388849863853	3.823433105088844e+16	1.6350867285865742	3.0779234000010652e+16	9.9051608724978e+16	9.855694135233314e+16	8.545631822998744e+16	1.1182070197012802e+17	8.979963872580403e+16	1.1085178704569054e+17	1.0222318150481659e+17	1.2403175727774286e+17	1.064541578753135e+17	9.465321383536371e+16	1.0627979719754662e+17	8.319305193373237e+16	
1.2111671038306888	1.1550795629354151	1.176128515710236	1.3018012332431714	1.286068367827572	1.308682725570929	1.2200319060771745	1.2173572845763903	1.3004367098258183	1.2251822532580994	1.3573279143574979	1.194379827417913	1.3166304282648758	1.2224485497233204	1.274883031486153	1.2187659669297652	1.3202023321611898	1.2664410608015884	0.0	0.9553175708071608	1.1087701868868804	1.4083491215650246	0.9296417025525558	0.8453523435854432	9.632554669332704e+16	7.243374075564038e+16	6.944185755389799e+16	3.246753072805169e+16	4.656961440339853e+16	8.954853349436435e+16	8.764215243254368e+16	8.483424511853125e+16	3.5174666238875812e+16	5.1665601879464264e+16	2.2612046230630747	1.9988604298473849	2.146757008428753	10.720874397044224	3.079378966532372	6.271832217411694	3.823433105088843e+16	1.037904377833427	3.077923400001065e+16	9.9051608724978e+16	9.855694135233314e+16	8.545631822998744e+16	1.1182070197012802e+17	8.979963872580403e+16	1.1085178704569054e+17	1.0222318150481659e+17	1.2403175727774286e+17	1.064541578753135e+17	9.465321383536371e+16	1.0627979719754662e+17	8.319305193373237e+16	
1.603657586169098	1.5155467187367089	1.586544805392104	1.6255633818852129	1.6465046575048112	1.701350587690427	1.610903917630725	1.6028491042503668	1.6107509352102016	1.4866133678330875	1.6680019115998774	1.5461457099368745	1.5670237099016295	1.5024821907492574	1.542343069443997	1.5549380337740102	1.6945845437272329	1.6375000980697734	0.9553175708071608	0.0	1.081519114212042	1.4483931011016267	1.1174711909397272	1.0410328096153592	9.632554669332704e+16	7.243374075564038e+16	6.944185755389799e+16	3.246753072805169e+16	4.656961440339853e+16	8.954853349436435e+16	8.764215243254368e+16	8.483424511853125e+16	3.5174666238875812e+16	5.1665601879464264e+16	2.1985972109793455	2.0218740476137254	2.194321725169756	10.935915829403555	2.990905136312985	6.348530790364782	3.823433105088844e+16	0.8986383916860448	3.077923400001065e+16	9.9051608724978e+16	9.855694135233314e+16	8.545631822998744e+16	1.1182070197012802e+17	8.979963872580403e+16	1.1085178704569054e+17	1.0222318150481659e+17	1.2403175727774286e+17	1.064541578753135e+17	9.465321383536371e+16	1.0627979719754662e+17	8.319305193373237e+16	
1.6303617824086765	1.5421373900081405	1.5785693578183009	1.6989824107566434	1.693438343347429	1.675266552610486	1.6052542404133614	1.6012610818760764	1.6870849641218895	1.6132182791843739	1.6786334650494432	1.595700889729995	1.6885926162200284	1.6204105122605699	1.632636296958279	1.6251921712062236	1.6736916057665756	1.63941404679356	1.1087701868868804	1.081519114212042	0.0	1.525009465475119	1.2629449567408413	1.1987454777519566	9.632554669332704e+16	7.243374075564038e+16	6.944185755389799e+16	3.246753072805169e+16	4.656961440339853e+16	8.954853349436435e+16	8.764215243254368e+16	8.483424511853125e+16	3.5174666238875812e+16	5.1665601879464264e+16	2.2607390051740004	2.152427300928164	2.2583787949904157	11.01316902559009	3.0796245522332146	6.539959008225294	3.823433105088843e+16	1.2490279512047187	3.077923400001065e+16	9.9051608724978e+16	9.855694135233314e+16	8.545631822998744e+16	1.1182070197012802e+17	8.979963872580403e+16	1.1085178704569054e+17	1.0222318150481659e+17	1.2403175727774286e+17	1.064541578753135e+17	9.465321383536371e+16	1.0627979719754662e+17	8.319305193373237e+16	
1.5881570725493663	1.5504553856810106	1.569798148278582	1.601060203337811	1.615467018939249	1.6237226419089066	1.6105805610647936	1.5171765057590598	1.5870627374074127	1.5780656254490621	1.5848414541954021	1.6341739043477022	1.5877860572387084	1.5552294329599843	1.5411942873880726	1.5159937467987743	1.6043575464568978	1.5709162291399295	1.4083491215650246	1.4483931011016267	1.525009465475119	0.0	1.3083483783588097	1.2853588499791562	9.632554669332704e+16	7.243374075564038e+16	6.944185755389799e+16	3.246753072805169e+16	4.656961440339853e+16	8.954853349436435e+16	8.764215243254368e+16	8.483424511853125e+16	3.5174666238875812e+16	5.1665601879464264e+16	2.5972411752860856	2.0913410916436255	2.3356156978230014	10.981725430371318	3.112005824163959	6.248830785993679	3.823433105088843e+16	1.6460116645716596	3.077923400001065e+16	9.9051608724978e+16	9.855694135233314e+16	8.545631822998744e+16	1.1182070197012802e+17	8.979963872580403e+16	1.1085178704569054e+17	1.0222318150481659e+17	1.2403175727774286e+17	1.064541578753135e+17	9.465321383536371e+16	1.0627979719754662e+17	8.319305193373237e+16	
0.7660781164587859	0.8589628698703334	0.9830421047935888	0.8713513444766419	0.8165042613188116	0.7395760359285232	0.8719799841892723	0.7778655985969908	1.1397050370903168	0.997851723903398	0.9544304989446305	0.9990476741622096	0.9369382907646461	1.0080010532359556	0.9984282082238761	0.8775911199623526	0.7805574890228268	0.830878884225339	0.9296417025525558	1.1174711909397272	1.2629449567408413	1.3083483783588097	0.0	0.66148414419905	9.632554669332704e+16	7.243374075564038e+16	6.944185755389799e+16	3.246753072805169e+16	4.656961440339853e+16	8.954853349436435e+16	8.764215243254368e+16	8.483424511853125e+16	3.5174666238875812e+16	5.1665601879464264e+16	2.6134861575530404	2.074584276168274	2.2398496492724203	10.63924353629302	3.1400553369015065	6.222928585107137	3.823433105088843e+16	1.1122417965463653	3.077923400001065e+16	9.9051608724978e+16	9.855694135233314e+16	8.545631822998744e+16	1.1182070197012802e+17	8.979963872580403e+16	1.1085178704569054e+17	1.0222318150481659e+17	1.2403175727774286e+17	1.064541578753135e+17	9.465321383536371e+16	1.0627979719754662e+17	8.319305193373237e+16	
0.6622781096806486	0.7730616395563285	0.9007371363622331	0.8321415349373656	0.748848512836265	0.6607011500572227	0.7798658951479294	0.6915225340937029	1.0766910860286276	0.9432035912109862	0.9140926197229678	0.9201439802568503	0.8905794621124604	0.9564232865804047	0.9627369163701512	0.8165738705584095	0.7189542426151039	0.7427872858572336	0.8453523435854432	1.0410328096153592	1.1987454777519566	1.2853588499791562	0.66148414419905	0.0	9.632554669332704e+16	7.243374075564038e+16	6.944185755389799e+16	3.246753072805169e+16	4.656961440339853e+16	8.954853349436435e+16	8.764215243254368e+16	8.483424511853125e+16	3.5174666238875812e+16	5.1665601879464264e+16	2.585804897578045	2.08326250807759	2.2311232985887592	10.65936760382409	3.1365258313040516	6.240844795983385	3.823433105088843e+16	1.0475037625926338	3.077923400001065e+16	9.9051608724978e+16	9.855694135233314e+16	8.545631822998744e+16	1.1182070197012802e+17	8.979963872580403e+16	1.1085178704569054e+17	1.0222318150481659e+17	1.2403175727774286e+17	1.064541578753135e+17	9.465321383536371e+16	1.0627979719754662e+17	8.319305193373237e+16	
9.632554669332704e+16	9.632554669332704e+16	9.632554669332704e+16	9.632554669332704e+16	9.632554669332704e+16	9.632554669332704e+16	9.632554669332704e+16	9.632554669332704e+16	9.632554669332704e+16	9.632554669332704e+16	9.632554669332704e+16	9.632554669332704e+16	9.632554669332704e+16	9.632554669332704e+16	9.632554669332704e+16	9.632554669332704e+16	9.632554669332704e+16	9.632554669332704e+16	9.632554669332704e+16	9.632554669332704e+16	9.632554669332704e+16	9.632554669332704e+16	9.632554669332704e+16	9.632554669332704e+16	0.0	6.895730135393657e+16	8.662492433053946e+16	7.897269619394294e+16	7.773227950858218e+16	6.661180257725818e+16	6.384101547887591e+16	7.304501112981426e+16	8.301707659682349e+16	8.642236175986406e+16	9.632554669332704e+16	9.632554669332704e+16	9.632554669332704e+16	9.632554669332704e+16	9.632554669332704e+16	9.632554669332704e+16	8.322037133144075e+16	9.632554669332704e+16	8.085595636579083e+16	6.466557123409376e+16	7.041549689901612e+16	6.1421152644013304e+16	7.340374640025002e+16	5.8272829234292776e+16	7.382535365562051e+16	5.683359690543132e+16	6.373815682891824e+16	5.953462229300949e+16	5.937996932803719e+16	6.8677287731771e+16	6.5252417824022776e+16	
7.243374075564038e+16	7.243374075564038e+16	7.243374075564038e+16	7.243374075564038e+16	7.243374075564038e+16	7.243374075564038e+16	7.243374075564038e+16	7.243374075564038e+16	7.243374075564038e+16	7.243374075564038e+16	7.243374075564038e+16	7.243374075564038e+16	7.243374075564038e+16	7.243374075564038e+16	7.243374075564038e+16	7.243374075564038e+16	7.243374075564038e+16	7.243374075564038e+16	7.243374075564038e+16	7.243374075564038e+16	7.243374075564038e+16	7.243374075564038e+16	7.243374075564038e+16	7.243374075564038e+16	6.895730135393657e+16	0.0	6.137845817799332e+16	6.23533297387714e+16	7.0747196364003384e+16	6.231052205333732e+16	5.4153508398607656e+16	6.8330581307306744e+16	6.6902406090786664e+16	6.920334583381496e+16	7.243374075564038e+16	7.243374075564038e+16	7.243374075564038e+16	7.243374075564038e+16	7.243374075564038e+16	7.243374075564038e+16	6.972083859212014e+16	7.243374075564038e+16	6.658829698517969e+16	5.6733898480005144e+16	5.5638466367994216e+16	5.7924359027791e+16	6.242362804572698e+16	6.2892999850497976e+16	6.587914774511477e+16	6.242750215643011e+16	7.700417686343189e+16	5.910906259652613e+16	5.439569941901559e+16	5.8627687998543304e+16	5.293495702825819e+16	
6.944185755389799e+16	6.944185755389799e+16	6.944185755389799e+16	6.944185755389799e+16	6.944185755389799e+16	6.944185755389799e+16	6.944185755389799e+16	6.944185755389799e+16	6.944185755389799e+16	6.944185755389799e+16	6.944185755389799e+16	6.944185755389799e+16	6.944185755389799e+16	6.944185755389799e+16	6.944185755389799e+16	6.944185755389799e+16	6.944185755389799e+16	6.944185755389799e+16	6.944185755389799e+16	6.944185755389799e+16	6.944185755389799e+16	6.944185755389799e+16	6.944185755389799e+16	6.944185755389799e+16	8.662492433053946e+16	6.137845817799332e+16	0.0	6.7820475360001624e+16	7.019219552597037e+16	9.17599557031587e+16	6.49128647141263e+16	7.576199394470398e+16	6.728718613145734e+16	6.822618448907873e+16	6.944185755389799e+16	6.944185755389799e+16	6.944185755389799e+16	6.9441857553898e+16	6.944185755389799e+16	6.944185755389799e+16	6.816732596680508e+16	6.944185755389799e+16	6.741350545077796e+16	5.8719457751471944e+16	6.108923520926153e+16	6.374918793254253e+16	7.296010610523171e+16	6.339619432823375e+16	7.368477404910802e+16	7.697676724220525e+16	7.858959398273478e+16	6.909363395822945e+16	5.4763262285705016e+16	6.371690567169492e+16	6.051837569628539e+16	
3.2467530728051684e+16	3.246753072805169e+16	3.246753072805169e+16	3.2467530728051684e+16	3.2467530728051684e+16	3.246753072805169e+16	3.246753072805169e+16	3.246753072805169e+16	3.246753072805169e+16	3.246753072805169e+16	3.2467530728051684e+16	3.246753072805169e+16	3.246753072805169e+16	3.246753072805169e+16	3.246753072805169e+16	3.246753072805169e+16	3.246753072805169e+16	3.246753072805169e+16	3.246753072805169e+16	3.246753072805169e+16	3.246753072805169e+16	3.246753072805169e+16	3.246753072805169e+16	3.246753072805169e+16	7.897269619394294e+16	6.23533297387714e+16	6.7820475360001624e+16	0.0	3.5232022266685748e+16	7.373858073552835e+16	7.135008506519123e+16	7.428341960772435e+16	3.3026191861496576e+16	3.1707582910539164e+16	3.246753072805169e+16	3.246753072805169e+16	3.246753072805169e+16	3.2467530728051684e+16	3.246753072805169e+16	3.246753072805169e+16	3.0862463911569708e+16	3.246753072805169e+16	2.8560419509591204e+16	7.76988100545288e+16	8.207448173888558e+16	7.208092699507078e+16	8.623421095896632e+16	7.274342902749216e+16	9.120140051632525e+16	8.450151064743206e+16	9.674316305595155e+16	9.205426190225106e+16	7.700311757298957e+16	7.969838227670189e+16	6.447794837346435e+16	
4.656961440339853e+16	4.656961440339853e+16	4.656961440339853e+16	4.656961440339853e+16	4.656961440339853e+16	4.656961440339853e+16	4.656961440339853e+16	4.656961440339853e+16	4.6569614403398536e+16	4.656961440339853e+16	4.656961440339853e+16	4.656961440339853e+16	4.656961440339853e+16	4.656961440339853e+16	4.656961440339853e+16	4.656961440339853e+16	4.656961440339853e+16	4.656961440339853e+16	4.656961440339853e+16	4.656961440339853e+16	4.656961440339853e+16	4.656961440339853e+16	4.656961440339853e+16	4.656961440339853e+16	7.773227950858218e+16	7.0747196364003384e+16	7.019219552597037e+16	3.5232022266685748e+16	0.0	7.897156091922466e+16	7.720620730496776e+16	7.0339148532448984e+16	3.46032788821149e+16	4.089480318363988e+16	4.6569614403398536e+16	4.656961440339853e+16	4.656961440339853e+16	4.656961440339853e+16	4.656961440339853e+16	4.656961440339853e+16	3.864276806375735e+16	4.6569614403398536e+16	3.523666889483287e+16	8.670930507606728e+16	8.416124587435838e+16	8.267637784103813e+16	9.295229200866891e+16	7.856962835157027e+16	1.02420432113561e+17	9.422368907746674e+16	1.0278753930885254e+17	9.871492171030184e+16	8.077361720607597e+16	9.086114154599986e+16	7.442769237017646e+16	
8.954853349436435e+16	8.954853349436435e+16	8.954853349436435e+16	8.954853349436435e+16	8.954853349436435e+16	8.954853349436435e+16	8.954853349436435e+16	8.954853349436435e+16	8.954853349436435e+16	8.954853349436435e+16	8.954853349436435e+16	8.954853349436435e+16	8.954853349436435e+16	8.954853349436435e+16	8.954853349436435e+16	8.954853349436435e+16	8.954853349436435e+16	8.954853349436435e+16	8.954853349436435e+16	8.954853349436435e+16	8.954853349436435e+16	8.954853349436435e+16	8.954853349436435e+16	8.954853349436435e+16	6.661180257725818e+16	6.231052205333732e+16	9.17599557031587e+16	7.373858073552835e+16	7.897156091922466e+16	0.0	5.846890388983e+16	7.522709972166173e+16	7.890755661179909e+16	8.500918480992187e+16	8.954853349436435e+16	8.954853349436435e+16	8.954853349436435e+16	8.954853349436437e+16	8.954853349436435e+16	8.954853349436437e+16	8.21407244529216e+16	8.954853349436435e+16	7.79220208708441e+16	5.925402857322893e+16	6.193607961292652e+16	6.170141317663871e+16	5.987338908014939e+16	6.454390989325729e+16	5.992754838658959e+16	6.062515741345953e+16	6.820147798810636e+16	6.541975251612374e+16	6.5965269064945544e+16	5.818691433364133e+16	6.549707028652124e+16	
8.764215243254368e+16	8.764215243254368e+16	8.764215243254368e+16	8.764215243254368e+16	8.764215243254368e+16	8.764215243254368e+16	8.764215243254368e+16	8.764215243254368e+16	8.764215243254368e+16	8.764215243254368e+16	8.764215243254368e+16	8.764215243254368e+16	8.764215243254368e+16	8.764215243254368e+16	8.764215243254368e+16	8.764215243254368e+16	8.764215243254368e+16	8.764215243254368e+16	8.764215243254368e+16	8.764215243254368e+16	8.764215243254368e+16	8.764215243254368e+16	8.764215243254368e+16	8.764215243254368e+16	6.384101547887591e+16	5.4153508398607656e+16	6.49128647141263e+16	7.135008506519123e+16	7.720620730496776e+16	5.846890388983e+16	0.0	7.765612768483899e+16	8.140396751132234e+16	8.401957467583842e+16	8.764215243254368e+16	8.764215243254368e+16	8.764215243254368e+16	8.76421524325437e+16	8.764215243254368e+16	8.764215243254368e+16	8.430220392603098e+16	8.764215243254368e+16	7.968530269480605e+16	5.296623981808799e+16	5.6668395439578024e+16	4.652916213781671e+16	5.998207855402394e+16	6.188515004176633e+16	5.654239820573466e+16	5.698199479465508e+16	7.528343044084253e+16	6.143387542687435e+16	5.5531716562909976e+16	5.240539059955422e+16	5.211571062843937e+16	
8.483424511853125e+16	8.483424511853125e+16	8.483424511853125e+16	8.483424511853125e+16	8.483424511853125e+16	8.483424511853125e+16	8.483424511853125e+16	8.483424511853125e+16	8.483424511853125e+16	8.483424511853125e+16	8.483424511853125e+16	8.483424511853125e+16	8.483424511853125e+16	8.483424511853125e+16	8.483424511853125e+16	8.483424511853125e+16	8.483424511853125e+16	8.483424511853125e+16	8.483424511853125e+16	8.483424511853125e+16	8.483424511853125e+16	8.483424511853125e+16	8.483424511853125e+16	8.483424511853125e+16	7.304501112981426e+16	6.8330581307306744e+16	7.576199394470398e+16	7.428341960772435e+16	7.0339148532448984e+16	7.522709972166173e+16	7.765612768483899e+16	0.0	7.494631762389254e+16	8.523902906263136e+16	8.483424511853125e+16	8.483424511853125e+16	8.483424511853125e+16	8.483424511853125e+16	8.483424511853125e+16	8.483424511853125e+16	7.372680767165962e+16	8.483424511853125e+16	7.059890925019721e+16	7.169484990077856e+16	6.4940768746435496e+16	7.424837137655307e+16	7.293845766675254e+16	6.5525827697825e+16	7.722299738957549e+16	7.118047992553336e+16	9.316728939618272e+16	7.875189560998678e+16	6.782351596317362e+16	7.43388839036508e+16	6.3419465029301576e+16	
3.5174666238875812e+16	3.5174666238875816e+16	3.5174666238875812e+16	3.5174666238875812e+16	3.5174666238875812e+16	3.5174666238875812e+16	3.5174666238875812e+16	3.5174666238875812e+16	3.5174666238875812e+16	3.5174666238875812e+16	3.5174666238875812e+16	3.5174666238875812e+16	3.5174666238875812e+16	3.5174666238875812e+16	3.5174666238875812e+16	3.5174666238875812e+16	3.5174666238875812e+16	3.5174666238875816e+16	3.5174666238875812e+16	3.5174666238875812e+16	3.5174666238875812e+16	3.5174666238875812e+16	3.5174666238875812e+16	3.5174666238875812e+16	8.301707659682349e+16	6.6902406090786664e+16	6.728718613145734e+16	3.3026191861496576e+16	3.46032788821149e+16	7.890755661179909e+16	8.140396751132234e+16	7.494631762389254e+16	0.0	3.944820805414195e+16	3.517466623887581e+16	3.5174666238875812e+16	3.517466623887581e+16	3.51746662388758e+16	3.5174666238875812e+16	3.5174666238875804e+16	3.0589842264877284e+16	3.5174666238875812e+16	2.7145699081703324e+16	8.750771759841971e+16	8.754051493304722e+16	8.13985793578402e+16	9.351879835290845e+16	7.764850830644165e+16	1.0022216981625322e+17	9.295752573666573e+16	1.0721932521671749e+17	9.856081545461019e+16	8.113979000850357e+16	8.995403129021386e+16	7.001657943738571e+16	
5.1665601879464264e+16	5.1665601879464264e+16	5.1665601879464264e+16	5.1665601879464264e+16	5.1665601879464264e+16	5.1665601879464264e+16	5.1665601879464264e+16	5.1665601879464264e+16	5.1665601879464264e+16	5.1665601879464264e+16	5.1665601879464264e+16	5.1665601879464264e+16	5.1665601879464264e+16	5.1665601879464264e+16	5.1665601879464264e+16	5.1665601879464264e+16	5.1665601879464264e+16	5.1665601879464264e+16	5.1665601879464264e+16	5.1665601879464264e+16	5.1665601879464264e+16	5.1665601879464264e+16	5.1665601879464264e+16	5.1665601879464264e+16	8.642236175986406e+16	6.920334583381496e+16	6.822618448907873e+16	3.1707582910539164e+16	4.089480318363988e+16	8.500918480992187e+16	8.401957467583842e+16	8.523902906263136e+16	3.944820805414195e+16	0.0	5.1665601879464264e+16	5.1665601879464264e+16	5.1665601879464264e+16	5.1665601879464264e+16	5.1665601879464264e+16	5.166560187946427e+16	3.7401888311851464e+16	5.1665601879464264e+16	3.677373432743932e+16	9.007868001008083e+16	9.029579073432958e+16	8.411705741452058e+16	1.0102261841110478e+17	8.234157671114576e+16	1.04563900312529e+17	9.726795799173826e+16	1.096986182239092e+17	1.0279540059314982e+17	8.582308807915435e+16	9.357354586984011e+16	7.659622740780491e+16	
2.701729439053706	2.6559585911020527	2.668899148095742	2.733442567791892	2.7290853024906476	2.738995856623313	2.703387359844631	2.6919612876774965	2.748533028176826	2.676140086445233	2.8171777334727723	2.6846673915176287	2.7569467893835133	2.6908843193273024	2.6985479903796517	2.7174773548024995	2.7397456746526574	2.7358006618659547	2.2612046230630747	2.1985972109793455	2.2607390051740004	2.5972411752860856	2.6134861575530404	2.585804897578045	9.632554669332704e+16	7.243374075564038e+16	6.944185755389799e+16	3.246753072805169e+16	4.6569614403398536e+16	8.954853349436435e+16	8.764215243254368e+16	8.483424511853125e+16	3.517466623887581e+16	5.1665601879464264e+16	0.0	2.6664021647888343	2.7696968658798093	11.004634136712262	3.0351348822792117	6.5150702191156045	3.823433105088843e+16	2.191538624853673	3.0779234000010652e+16	9.9051608724978e+16	9.855694135233314e+16	8.545631822998742e+16	1.1182070197012802e+17	8.979963872580403e+16	1.1085178704569054e+17	1.0222318150481659e+17	1.2403175727774286e+17	1.064541578753135e+17	9.465321383536371e+16	1.0627979719754662e+17	8.319305193373237e+16	
