0.0	5.068768758804843	4.9641721924449085	4.93243397510169	4.843132315859747	5.052892500187761	4.89969178483933	4.709106567871202	6.760620123856321	5.987329237217643	5.1973679823135805	6.3100568224903455	5.224775284328545	5.90668777154946	5.2880108874429945	5.193602911966347	5.272346930758217	5.631305624953055	5.710520034477204	6.04092538738903	6.528607996932313	5.954007337092374	4.382670842124941	4.270846537733378	3.518878232732603e+17	2.7990239150002768e+17	3.115137734323772e+17	1.9372464449852374e+17	1.527579572196692e+17	4.322136552584273e+17	3.0554829678773715e+17	3.0687180003594797e+17	9.534953196202368e+16	6.434329904530761e+17	11.261723165790334	8.743644232114425	8.323037612092653	39.09372250450781	15.16193363118543	23.759910322176353	1.679052461159014e+17	6.366750442148106	9.888688291769419e+16	3.2208973900697344e+17	3.133277613953883e+17	3.041349341830942e+17	3.3588053216024915e+17	3.216111790587705e+17	3.571268247710592e+17	3.743357447087578e+17	4.045943669177355e+17	3.4428765430971206e+17	3.411741746032071e+17	3.4733656429541946e+17	2.910535577066816e+17	
5.068768758804843	0.0	2.0547258739795864	2.2901223489342164	2.0770783554998675	1.9400923555653735	1.9967759897802349	1.8857389465609933	5.77281588968315	5.4388771092960875	4.4840033090033	5.40960440683657	4.459106217960885	5.342608002852203	4.511282630084668	4.3804510872542854	1.9679344786402864	2.0073718489129906	5.637145903354022	5.964289010950418	6.5245416041345115	5.712492950922785	4.331786694039974	4.287822025894342	3.518878232732603e+17	2.7990239150002768e+17	3.115137734323772e+17	1.9372464449852374e+17	1.527579572196692e+17	4.322136552584273e+17	3.0554829678773715e+17	3.0687180003594797e+17	9.534953196202368e+16	6.434329904530761e+17	11.03637184662606	8.634567298813035	8.2756986286351	38.472806142371695	15.144884175745238	23.3920785016847	1.679052461159014e+17	6.206262816987785	9.888688291769419e+16	3.2208973900697344e+17	3.133277613953883e+17	3.041349341830942e+17	3.3588053216024915e+17	3.216111790587705e+17	3.571268247710592e+17	3.743357447087578e+17	4.045943669177355e+17	3.4428765430971206e+17	3.411741746032071e+17	3.4733656429541946e+17	2.910535577066816e+17	
4.9641721924449085	2.0547258739795864	0.0	2.525169070805373	2.079424447318908	2.1468741500741717	1.843337818069146	1.9339031468459604	5.716942751112755	5.470316115110212	4.365358709677494	5.417907586783084	4.320118840417643	5.332593136406056	4.363254545499221	4.247521398984807	1.972598232969421	2.1653805422864325	5.612907790453969	5.900855824036739	6.506244070461536	5.608237401081354	4.134994343208265	4.051827053217798	3.518878232732603e+17	2.7990239150002768e+17	3.115137734323772e+17	1.9372464449852374e+17	1.527579572196692e+17	4.322136552584273e+17	3.0554829678773715e+17	3.0687180003594797e+17	9.534953196202368e+16	6.434329904530761e+17	11.198815801420132	8.61487897787941	8.180008622856732	38.56088756669387	15.28559092998088	23.6177225011863	1.679052461159014e+17	6.13947790126697	9.888688291769419e+16	3.2208973900697344e+17	3.133277613953883e+17	3.041349341830942e+17	3.3588053216024915e+17	3.216111790587705e+17	3.571268247710592e+17	3.743357447087578e+17	4.045943669177355e+17	3.4428765430971206e+17	3.411741746032071e+17	3.4733656429541946e+17	2.910535577066816e+17	
4.93243397510169	2.2901223489342164	2.525169070805373	0.0	2.486002871399266	2.439357408342375	2.5876893923004127	2.444366314165179	5.7711154014911585	5.528640489606702	4.59849403818518	5.493842618506936	4.569038758167007	5.242985552764915	4.598589373971815	4.670134432045758	2.517845169845394	2.610448518739824	5.848066361744459	6.159413756872856	6.903648278099044	5.51694762412557	4.566099182598168	4.542179594714512	3.518878232732603e+17	2.7990239150002768e+17	3.115137734323772e+17	1.9372464449852374e+17	1.527579572196692e+17	4.322136552584273e+17	3.0554829678773715e+17	3.0687180003594797e+17	9.534953196202368e+16	6.434329904530761e+17	11.195030851665779	8.535627296393876	8.288865004109251	37.94515534052787	15.092936577314607	22.94945487483136	1.679052461159014e+17	6.559502681742165	9.888688291769419e+16	3.2208973900697344e+17	3.133277613953883e+17	3.041349341830942e+17	3.3588053216024915e+17	3.216111790587705e+17	3.571268247710592e+17	3.743357447087578e+17	4.045943669177355e+17	3.4428765430971206e+17	3.411741746032071e+17	3.4733656429541946e+17	2.910535577066816e+17	
4.843132315859747	2.0770783554998675	2.079424447318908	2.486002871399266	0.0	1.9986920857750654	2.1551742263614755	1.9860449176911787	6.088617405695134	5.715002794584535	4.660866477543653	5.7301561114116275	4.657252201786324	5.567042804143518	4.711261075019073	4.65144245236835	2.124877714497826	2.150933323450133	5.978566755801936	6.361846314312078	6.907020855531107	5.905583263364712	4.341782828818898	4.292981736293002	3.518878232732603e+17	2.7990239150002768e+17	3.115137734323772e+17	1.9372464449852374e+17	1.527579572196692e+17	4.322136552584273e+17	3.0554829678773715e+17	3.0687180003594797e+17	9.534953196202368e+16	6.434329904530761e+17	11.484444736324102	8.915915603662185	8.537093838274822	38.47689729493075	15.546832063005047	23.433658165440477	1.679052461159014e+17	6.598157314260091	9.888688291769419e+16	3.2208973900697344e+17	3.133277613953883e+17	3.041349341830942e+17	3.3588053216024915e+17	3.216111790587705e+17	3.571268247710592e+17	3.743357447087578e+17	4.045943669177355e+17	3.4428765430971206e+17	3.411741746032071e+17	3.4733656429541946e+17	2.910535577066816e+17	
5.052892500187761	1.9400923555653735	2.1468741500741717	2.439357408342375	1.9986920857750654	0.0	2.138318751478259	1.982804046558863	6.064464025531465	5.6939782077484935	4.669757521272287	5.701342940678629	4.647463573460109	5.555096727624142	4.718560992872116	4.626805595617117	1.990975862177096	2.072642376259058	5.953435752186604	6.326477406763191	6.866082999551734	5.88779605448317	4.406214909598593	4.351300328371063	3.518878232732603e+17	2.7990239150002768e+17	3.115137734323772e+17	1.9372464449852374e+17	1.527579572196692e+17	4.322136552584273e+17	3.0554829678773715e+17	3.0687180003594797e+17	9.534953196202368e+16	6.434329904530761e+17	11.456963433288799	8.867606646731451	8.538168043620425	38.47829339582631	15.504376486497652	23.407852329690144	1.679052461159014e+17	6.613703296444724	9.888688291769419e+16	3.2208973900697344e+17	3.133277613953883e+17	3.041349341830942e+17	3.3588053216024915e+17	3.216111790587705e+17	3.571268247710592e+17	3.743357447087578e+17	4.045943669177355e+17	3.4428765430971206e+17	3.411741746032071e+17	3.4733656429541946e+17	2.910535577066816e+17	
4.89969178483933	1.9967759897802349	1.843337818069146	2.5876893923004127	2.1551742263614755	2.138318751478259	0.0	1.9317233401398768	5.784804032702117	5.403388625289919	4.390736844809507	5.403839184371759	4.360630658706266	5.362580123548065	4.4300936228210706	4.2288688987294085	1.9672405533162207	2.1415873128497096	5.537163521971112	5.885568702317243	6.348624003175602	5.734487148733196	4.123314348856338	4.046989900473304	3.518878232732603e+17	2.7990239150002768e+17	3.115137734323772e+17	1.9372464449852374e+17	1.527579572196692e+17	4.322136552584273e+17	3.0554829678773715e+17	3.0687180003594797e+17	9.534953196202368e+16	6.434329904530761e+17	11.126106067194096	8.688965529614544	8.188897285009265	38.77562996953278	15.309219609573661	23.65395103180391	1.679052461159014e+17	6.031934717201011	9.888688291769419e+16	3.2208973900697344e+17	3.133277613953883e+17	3.041349341830942e+17	3.3588053216024915e+17	3.216111790587705e+17	3.571268247710592e+17	3.743357447087578e+17	4.045943669177355e+17	3.4428765430971206e+17	3.411741746032071e+17	3.4733656429541946e+17	2.910535577066816e+17	
4.709106567871202	1.8857389465609933	1.9339031468459604	2.444366314165179	1.9860449176911787	1.982804046558863	1.9317233401398768	0.0	5.851953370788532	5.429191052820086	4.327618352589981	5.513468792952997	4.276780931509505	5.354373170361929	4.317234198220673	4.176104394845087	2.027339424013734	2.1565300078243874	5.385860662152755	5.779476292796394	6.287852489817962	5.49628430816865	3.892192473175614	3.8347105004449165	3.518878232732603e+17	2.7990239150002768e+17	3.115137734323772e+17	1.9372464449852374e+17	1.527579572196692e+17	4.322136552584273e+17	3.0554829678773715e+17	3.0687180003594797e+17	9.534953196202368e+16	6.434329904530761e+17	11.021415582769825	8.449336857617395	8.259069406071964	38.66568184644713	15.097325678583642	23.646296224701892	1.679052461159014e+17	6.067496886200706	9.888688291769419e+16	3.2208973900697344e+17	3.133277613953883e+17	3.041349341830942e+17	3.3588053216024915e+17	3.216111790587705e+17	3.571268247710592e+17	3.743357447087578e+17	4.045943669177355e+17	3.4428765430971206e+17	3.411741746032071e+17	3.4733656429541946e+17	2.910535577066816e+17	
6.760620123856321	5.77281588968315	5.716942751112755	5.7711154014911585	6.088617405695134	6.064464025531465	5.784804032702117	5.851953370788532	0.0	5.346812627877287	4.506646989740577	4.768924090179764	4.539995647250922	5.100292192701056	4.525813755385561	4.752556896568961	5.922218985347264	6.114750649761619	6.273731839656389	6.416944947214646	7.127208404215495	5.996571382703311	5.775967345445636	5.762157377505739	3.518878232732603e+17	2.7990239150002768e+17	3.115137734323772e+17	1.9372464449852374e+17	1.527579572196692e+17	4.322136552584273e+17	3.055482967877371e+17	3.0687180003594797e+17	9.534953196202368e+16	6.434329904530761e+17	11.092360648290905	8.882811681072772	8.49931173633618	38.498670017333	15.129847911546932	23.99095604547516	1.679052461159014e+17	6.6136964321550185	9.888688291769419e+16	3.2208973900697344e+17	3.133277613953883e+17	3.041349341830942e+17	3.3588053216024915e+17	3.216111790587705e+17	3.571268247710592e+17	3.743357447087578e+17	4.045943669177355e+17	3.4428765430971206e+17	3.411741746032071e+17	3.4733656429541946e+17	2.910535577066816e+17	
5.987329237217643	5.4388771092960875	5.470316115110212	5.528640489606702	5.715002794584535	5.6939782077484935	5.403388625289919	5.429191052820086	5.346812627877287	0.0	4.621411033180578	4.78563856901963	4.54404724782031	4.361377829821793	4.6013332664495525	4.551288509177912	5.673405316100231	5.8967265967470635	5.541249842220786	5.820353132537235	6.253215545741207	5.784372491126795	4.983619983090835	4.943383331603112	3.518878232732603e+17	2.7990239150002768e+17	3.115137734323772e+17	1.9372464449852374e+17	1.527579572196692e+17	4.322136552584273e+17	3.0554829678773715e+17	3.0687180003594797e+17	9.534953196202368e+16	6.434329904530761e+17	10.65247595826646	8.530445496859581	8.278091966804126	39.00485099456828	14.786665686125833	24.059173215234956	1.679052461159014e+17	6.01392642525268	9.888688291769419e+16	3.2208973900697344e+17	3.133277613953883e+17	3.041349341830942e+17	3.3588053216024915e+17	3.216111790587705e+17	3.571268247710592e+17	3.743357447087578e+17	4.045943669177355e+17	3.4428765430971206e+17	3.411741746032071e+17	3.4733656429541946e+17	2.910535577066816e+17	
5.1973679823135805	4.4840033090033	4.365358709677494	4.59849403818518	4.660866477543653	4.669757521272287	4.390736844809507	4.327618352589981	4.506646989740577	4.621411033180578	0.0	4.49877034213031	3.0568693342344675	4.302848704214534	2.927617943905517	3.09433803790999	4.5467913530969115	4.876794109002311	4.979140455326358	5.451411022430494	5.902147358685911	4.784205082991351	3.5401781906006478	3.5236566113346837	3.518878232732603e+17	2.7990239150002768e+17	3.115137734323772e+17	1.9372464449852374e+17	1.527579572196692e+17	4.322136552584273e+17	3.0554829678773715e+17	3.0687180003594797e+17	9.534953196202368e+16	6.434329904530761e+17	10.793670374768297	8.353014360501207	7.890578903827435	38.92832318242264	15.103794584080896	24.259479847098724	1.679052461159014e+17	5.606594814698368	9.888688291769419e+16	3.2208973900697344e+17	3.133277613953883e+17	3.041349341830942e+17	3.3588053216024915e+17	3.216111790587705e+17	3.571268247710592e+17	3.743357447087578e+17	4.045943669177355e+17	3.4428765430971206e+17	3.411741746032071e+17	3.4733656429541946e+17	2.910535577066816e+17	
6.3100568224903455	5.40960440683657	5.417907586783084	5.493842618506936	5.7301561114116275	5.701342940678629	5.403839184371759	5.513468792952997	4.768924090179764	4.78563856901963	4.49877034213031	0.0	4.464662487853009	4.78254282145985	4.519140076080701	4.366531275185053	5.616670410506307	5.816407809707536	5.910402042611828	6.036649720053586	6.662114692588005	5.988471565540735	5.407492304860573	5.325350660866038	3.518878232732603e+17	2.7990239150002768e+17	3.115137734323772e+17	1.9372464449852374e+17	1.527579572196692e+17	4.322136552584273e+17	3.0554829678773715e+17	3.0687180003594797e+17	9.534953196202368e+16	6.434329904530761e+17	10.923512078714063	8.818072406853833	8.31755425642291	38.867646354274484	15.005774748428722	23.97232934403704	1.679052461159014e+17	6.221729346080018	9.888688291769419e+16	3.2208973900697344e+17	3.133277613953883e+17	3.041349341830942e+17	3.3588053216024915e+17	3.216111790587705e+17	3.571268247710592e+17	3.743357447087578e+17	4.045943669177355e+17	3.4428765430971206e+17	3.411741746032071e+17	3.4733656429541946e+17	2.910535577066816e+17	
5.224775284328545	4.459106217960885	4.320118840417643	4.569038758167007	4.657252201786324	4.647463573460109	4.360630658706266	4.276780931509505	4.539995647250922	4.54404724782031	3.0568693342344675	4.464662487853009	0.0	4.446035434503347	2.958089560407757	3.1331935356427714	4.562672979151965	4.834417067482374	4.799114464952365	5.240084852313891	5.692157052158854	4.8753773904095645	3.7216541057201766	3.633070351855809	3.518878232732603e+17	2.7990239150002768e+17	3.115137734323772e+17	1.9372464449852374e+17	1.527579572196692e+17	4.322136552584273e+17	3.0554829678773715e+17	3.0687180003594797e+17	9.534953196202368e+16	6.434329904530761e+17	10.784364790223895	8.146806435485177	7.833806717904232	39.05542787870683	14.806274797534337	24.227765220891076	1.679052461159014e+17	5.525421069014091	9.888688291769419e+16	3.2208973900697344e+17	3.133277613953883e+17	3.041349341830942e+17	3.3588053216024915e+17	3.216111790587705e+17	3.571268247710592e+17	3.743357447087578e+17	4.045943669177355e+17	3.4428765430971206e+17	3.411741746032071e+17	3.4733656429541946e+17	2.910535577066816e+17	
5.90668777154946	5.342608002852203	5.332593136406056	5.242985552764915	5.567042804143518	5.555096727624142	5.362580123548065	5.354373170361929	5.100292192701056	4.361377829821793	4.302848704214534	4.78254282145985	4.446035434503347	0.0	4.365734987769007	4.522772073973204	5.480906525161726	5.763007395426325	5.81458065469851	6.108167069052856	6.804591940380128	5.093148129377158	4.720354436029515	4.7568909438904665	3.518878232732603e+17	2.7990239150002768e+17	3.115137734323772e+17	1.9372464449852374e+17	1.527579572196692e+17	4.322136552584273e+17	3.0554829678773715e+17	3.0687180003594797e+17	9.534953196202368e+16	6.434329904530761e+17	10.903708560999975	8.472983904741325	8.215541490104593	38.11579893669995	15.157530001053104	23.532883139600084	1.679052461159014e+17	6.450873549848447	9.888688291769419e+16	3.2208973900697344e+17	3.133277613953883e+17	3.041349341830942e+17	3.3588053216024915e+17	3.216111790587705e+17	3.571268247710592e+17	3.743357447087578e+17	4.045943669177355e+17	3.4428765430971206e+17	3.411741746032071e+17	3.4733656429541946e+17	2.910535577066816e+17	
5.2880108874429945	4.511282630084668	4.363254545499221	4.598589373971815	4.711261075019073	4.718560992872116	4.4300936228210706	4.317234198220673	4.525813755385561	4.6013332664495525	2.927617943905517	4.519140076080701	2.958089560407757	4.365734987769007	0.0	3.1321155864338177	4.6092541976836445	4.893846412355137	4.774144155322077	5.281733799029816	5.772478622267479	4.727264363935985	3.6315248374661278	3.5875396960213264	3.518878232732603e+17	2.7990239150002768e+17	3.115137734323772e+17	1.9372464449852374e+17	1.527579572196692e+17	4.322136552584273e+17	3.0554829678773715e+17	3.0687180003594797e+17	9.534953196202368e+16	6.434329904530761e+17	10.678101512673123	8.1093323251329	7.795149664328686	38.85114958237026	14.804644919727096	24.21568916367147	1.679052461159014e+17	5.539703369599116	9.888688291769419e+16	3.2208973900697344e+17	3.133277613953883e+17	3.041349341830942e+17	3.3588053216024915e+17	3.216111790587705e+17	3.571268247710592e+17	3.743357447087578e+17	4.045943669177355e+17	3.4428765430971206e+17	3.411741746032071e+17	3.4733656429541946e+17	2.910535577066816e+17	
5.193602911966347	4.3804510872542854	4.247521398984807	4.670134432045758	4.65144245236835	4.626805595617117	4.2288688987294085	4.176104394845087	4.752556896568961	4.551288509177912	3.09433803790999	4.366531275185053	3.1331935356427714	4.522772073973204	3.1321155864338177	0.0	4.48302817190352	4.796215205390133	4.475317022767955	4.856181715560333	5.173188264779153	4.860158671822871	3.317548053422809	3.2527087478492276	3.518878232732603e+17	2.7990239150002768e+17	3.115137734323772e+17	1.9372464449852374e+17	1.527579572196692e+17	4.322136552584273e+17	3.0554829678773715e+17	3.0687180003594797e+17	9.534953196202368e+16	6.434329904530761e+17	10.395589343195676	8.188229798527548	7.750966785567331	39.54932397534041	14.735134433277953	24.681179343913872	1.679052461159014e+17	4.912942674947983	9.888688291769419e+16	3.2208973900697344e+17	3.133277613953883e+17	3.041349341830942e+17	3.3588053216024915e+17	3.216111790587705e+17	3.571268247710592e+17	3.743357447087578e+17	4.045943669177355e+17	3.4428765430971206e+17	3.411741746032071e+17	3.4733656429541946e+17	2.910535577066816e+17	
5.272346930758217	1.9679344786402864	1.972598232969421	2.517845169845394	2.124877714497826	1.990975862177096	1.9672405533162207	2.027339424013734	5.922218985347264	5.673405316100231	4.5467913530969115	5.616670410506307	4.562672979151965	5.480906525161726	4.6092541976836445	4.48302817190352	0.0	1.8796202841651481	5.9249109466553	6.284726535519277	6.771597660512412	5.83578213406702	4.370082439953605	4.317529449508794	3.518878232732603e+17	2.7990239150002768e+17	3.115137734323772e+17	1.9372464449852374e+17	1.527579572196692e+17	4.322136552584273e+17	3.0554829678773715e+17	3.0687180003594797e+17	9.534953196202368e+16	6.434329904530761e+17	11.441096726417031	8.918586463574595	8.43872159295068	38.52890199995498	15.658396441753384	23.513950575647925	1.679052461159014e+17	6.4570649637997155	9.888688291769419e+16	3.2208973900697344e+17	3.133277613953883e+17	3.041349341830942e+17	3.3588053216024915e+17	3.216111790587705e+17	3.571268247710592e+17	3.743357447087578e+17	4.045943669177355e+17	3.4428765430971206e+17	3.411741746032071e+17	3.4733656429541946e+17	2.910535577066816e+17	
5.631305624953055	2.0073718489129906	2.1653805422864325	2.610448518739824	2.150933323450133	2.072642376259058	2.1415873128497096	2.1565300078243874	6.114750649761619	5.8967265967470635	4.876794109002311	5.816407809707536	4.834417067482374	5.763007395426325	4.893846412355137	4.796215205390133	1.8796202841651481	0.0	6.14850990514566	6.559936308529039	7.013109995652966	6.132478825792345	4.77155552420753	4.713551875686573	3.518878232732603e+17	2.7990239150002768e+17	3.115137734323772e+17	1.9372464449852374e+17	1.527579572196692e+17	4.322136552584273e+17	3.055482967877371e+17	3.0687180003594797e+17	9.534953196202368e+16	6.434329904530761e+17	11.576751264271364	9.036812797271502	8.613514616316868	38.399892296932364	15.611492767286615	23.434204714296964	1.679052461159014e+17	6.7786675362278155	9.888688291769419e+16	3.2208973900697344e+17	3.133277613953883e+17	3.041349341830942e+17	3.3588053216024915e+17	3.216111790587705e+17	3.571268247710592e+17	3.743357447087578e+17	4.045943669177355e+17	3.4428765430971206e+17	3.411741746032071e+17	3.4733656429541946e+17	2.910535577066816e+17	
5.710520034477204	5.637145903354022	5.612907790453969	5.848066361744459	5.978566755801936	5.953435752186604	5.537163521971112	5.385860662152755	6.273731839656389	5.541249842220786	4.979140455326358	5.910402042611828	4.799114464952365	5.81458065469851	4.774144155322077	4.475317022767955	5.9249109466553	6.14850990514566	0.0	4.082163901350196	4.0533695564932355	5.397360487036942	4.490244987722868	4.360530343848926	3.518878232732603e+17	2.7990239150002768e+17	3.115137734323772e+17	1.9372464449852374e+17	1.527579572196692e+17	4.322136552584273e+17	3.0554829678773715e+17	3.0687180003594797e+17	9.534953196202368e+16	6.434329904530761e+17	8.83904004745702	7.359673472795529	7.46008955742023	39.38700253519882	13.024686123415693	24.45266043081792	1.679052461159014e+17	4.757048559278005	9.888688291769419e+16	3.2208973900697344e+17	3.133277613953883e+17	3.041349341830942e+17	3.3588053216024915e+17	3.216111790587705e+17	3.571268247710592e+17	3.743357447087578e+17	4.045943669177355e+17	3.4428765430971206e+17	3.411741746032071e+17	3.4733656429541946e+17	2.910535577066816e+17	
6.04092538738903	5.964289010950418	5.900855824036739	6.159413756872856	6.361846314312078	6.326477406763191	5.885568702317243	5.779476292796394	6.416944947214646	5.820353132537235	5.451411022430494	6.036649720053586	5.240084852313891	6.108167069052856	5.281733799029816	4.856181715560333	6.284726535519277	6.559936308529039	4.082163901350196	0.0	4.530462069162515	5.860607709155928	5.187691117586082	5.08073268662486	3.518878232732603e+17	2.7990239150002768e+17	3.115137734323772e+17	1.9372464449852374e+17	1.527579572196692e+17	4.322136552584273e+17	3.0554829678773715e+17	3.0687180003594797e+17	9.534953196202368e+16	6.434329904530761e+17	9.038163272266297	7.602613055050988	7.704810716723319	40.04148624796152	12.969979665972168	24.601588379266012	1.679052461159014e+17	3.575584228429841	9.888688291769419e+16	3.2208973900697344e+17	3.133277613953883e+17	3.041349341830942e+17	3.3588053216024915e+17	3.216111790587705e+17	3.571268247710592e+17	3.743357447087578e+17	4.045943669177355e+17	3.4428765430971206e+17	3.411741746032071e+17	3.4733656429541946e+17	2.910535577066816e+17	
6.528607996932313	6.5245416041345115	6.506244070461536	6.903648278099044	6.907020855531107	6.866082999551734	6.348624003175602	6.287852489817962	7.127208404215495	6.253215545741207	5.902147358685911	6.662114692588005	5.692157052158854	6.804591940380128	5.772478622267479	5.173188264779153	6.771597660512412	7.013109995652966	4.0533695564932355	4.530462069162515	0.0	6.513180167957548	5.362114393002	5.184508958925766	3.518878232732603e+17	2.7990239150002768e+17	3.115137734323772e+17	1.9372464449852374e+17	1.527579572196692e+17	4.322136552584273e+17	3.0554829678773715e+17	3.0687180003594797e+17	9.534953196202368e+16	6.434329904530761e+17	9.298936150174198	8.137147613625055	8.07806278733773	40.870684219644964	13.182432216220928	25.616065762902416	1.679052461159014e+17	4.875913750205169	9.888688291769419e+16	3.2208973900697344e+17	3.133277613953883e+17	3.041349341830942e+17	3.3588053216024915e+17	3.216111790587705e+17	3.571268247710592e+17	3.743357447087578e+17	4.045943669177355e+17	3.4428765430971206e+17	3.411741746032071e+17	3.4733656429541946e+17	2.910535577066816e+17	
5.954007337092374	5.712492950922785	5.608237401081354	5.51694762412557	5.905583263364712	5.88779605448317	5.734487148733196	5.49628430816865	5.996571382703311	5.784372491126795	4.784205082991351	5.988471565540735	4.8753773904095645	5.093148129377158	4.727264363935985	4.860158671822871	5.83578213406702	6.132478825792345	5.397360487036942	5.860607709155928	6.513180167957548	0.0	4.287455724738632	4.385127599068066	3.518878232732603e+17	2.7990239150002768e+17	3.115137734323772e+17	1.9372464449852374e+17	1.527579572196692e+17	4.322136552584273e+17	3.0554829678773715e+17	3.0687180003594797e+17	9.534953196202368e+16	6.434329904530761e+17	10.772192169012078	7.883071931890732	8.209851869071928	37.96200533649344	14.604967740964337	23.76725259775785	1.679052461159014e+17	6.56096639163727	9.888688291769419e+16	3.2208973900697344e+17	3.133277613953883e+17	3.041349341830942e+17	3.3588053216024915e+17	3.216111790587705e+17	3.571268247710592e+17	3.743357447087578e+17	4.045943669177355e+17	3.4428765430971206e+17	3.411741746032071e+17	3.4733656429541946e+17	2.910535577066816e+17	
4.382670842124941	4.331786694039974	4.134994343208265	4.566099182598168	4.341782828818898	4.406214909598593	4.123314348856338	3.892192473175614	5.775967345445636	4.983619983090835	3.5401781906006478	5.407492304860573	3.7216541057201766	4.720354436029515	3.6315248374661278	3.317548053422809	4.370082439953605	4.77155552420753	4.490244987722868	5.187691117586082	5.362114393002	4.287455724738632	0.0	0.6236406516299597	3.518878232732603e+17	2.7990239150002768e+17	3.115137734323772e+17	1.9372464449852374e+17	1.527579572196692e+17	4.322136552584273e+17	3.0554829678773715e+17	3.0687180003594797e+17	9.534953196202368e+16	6.434329904530761e+17	10.70600765461365	8.168176963907356	7.97515819480513	39.39941682030696	15.351220968349628	24.751365346272372	1.679052461159014e+17	5.203842701655036	9.888688291769419e+16	3.2208973900697344e+17	3.133277613953883e+17	3.041349341830942e+17	3.3588053216024915e+17	3.216111790587705e+17	3.571268247710592e+17	3.743357447087578e+17	4.045943669177355e+17	3.4428765430971206e+17	3.411741746032071e+17	3.4733656429541946e+17	2.910535577066816e+17	
4.270846537733378	4.287822025894342	4.051827053217798	4.542179594714512	4.292981736293002	4.351300328371063	4.046989900473304	3.8347105004449165	5.762157377505739	4.943383331603112	3.5236566113346837	5.325350660866038	3.633070351855809	4.7568909438904665	3.5875396960213264	3.2527087478492276	4.317529449508794	4.713551875686573	4.360530343848926	5.08073268662486	5.184508958925766	4.385127599068066	0.6236406516299597	0.0	3.518878232732603e+17	2.7990239150002768e+17	3.115137734323772e+17	1.9372464449852374e+17	1.527579572196692e+17	4.322136552584273e+17	3.0554829678773715e+17	3.0687180003594797e+17	9.534953196202368e+16	6.434329904530761e+17	10.731626268297124	8.157575413891985	7.831317093055211	39.473658257558796	15.338409143198916	24.796915125397604	1.679052461159014e+17	5.154889443563678	9.888688291769419e+16	3.2208973900697344e+17	3.133277613953883e+17	3.041349341830942e+17	3.3588053216024915e+17	3.216111790587705e+17	3.571268247710592e+17	3.743357447087578e+17	4.045943669177355e+17	3.4428765430971206e+17	3.411741746032071e+17	3.4733656429541946e+17	2.910535577066816e+17	
3.518878232732603e+17	3.518878232732603e+17	3.518878232732603e+17	3.518878232732603e+17	3.518878232732603e+17	3.518878232732603e+17	3.518878232732603e+17	3.518878232732603e+17	3.518878232732603e+17	3.518878232732603e+17	3.518878232732603e+17	3.518878232732603e+17	3.518878232732603e+17	3.518878232732603e+17	3.518878232732603e+17	3.518878232732603e+17	3.518878232732603e+17	3.518878232732603e+17	3.518878232732603e+17	3.518878232732603e+17	3.518878232732603e+17	3.518878232732603e+17	3.518878232732603e+17	3.518878232732603e+17	0.0	2.7542095426987402e+17	3.1831225391643334e+17	3.387993536769816e+17	3.313144366798336e+17	3.3890041615653216e+17	2.6503616013767206e+17	2.837696764459112e+17	3.277279529652615e+17	5.661846799022726e+17	3.518878232732603e+17	3.518878232732603e+17	3.518878232732603e+17	3.518878232732603e+17	3.518878232732603e+17	3.518878232732603e+17	3.29791570415426e+17	3.518878232732603e+17	3.210395722371902e+17	2.544796239583809e+17	2.4593038124996806e+17	2.686484368661518e+17	3.03462873913816e+17	2.3482701784790934e+17	3.1677817689851334e+17	2.5765333700792218e+17	2.47909682945718e+17	2.6342254742725354e+17	2.3457231174404224e+17	2.5757841151789194e+17	2.3552737464803523e+17	
2.7990239150002768e+17	2.7990239150002768e+17	2.7990239150002768e+17	2.7990239150002768e+17	2.7990239150002768e+17	2.7990239150002768e+17	2.7990239150002768e+17	2.7990239150002768e+17	2.7990239150002768e+17	2.7990239150002768e+17	2.7990239150002768e+17	2.7990239150002768e+17	2.7990239150002768e+17	2.7990239150002768e+17	2.7990239150002768e+17	2.7990239150002768e+17	2.7990239150002768e+17	2.7990239150002768e+17	2.7990239150002768e+17	2.7990239150002768e+17	2.7990239150002768e+17	2.7990239150002768e+17	2.7990239150002768e+17	2.7990239150002768e+17	2.7542095426987402e+17	0.0	2.372936018780485e+17	2.6888301865361037e+17	2.5749063984715206e+17	3.394089586081323e+17	2.084037169281887e+17	2.582496426699232e+17	2.5879326225326208e+17	6.09577411224016e+17	2.7990239150002768e+17	2.7990239150002768e+17	2.7990239150002768e+17	2.7990239150002762e+17	2.7990239150002768e+17	2.7990239150002768e+17	2.7172585588693133e+17	2.7990239150002768e+17	2.5301070721903152e+17	2.1550279037164317e+17	2.0741996733322976e+17	2.1107126083979882e+17	2.464045746516591e+17	2.1881296116676426e+17	2.58046832836382e+17	2.527893147371811e+17	2.658696325661733e+17	2.432531300093753e+17	2.2119629727927232e+17	2.3161282408866358e+17	2.077051291313491e+17	
3.115137734323772e+17	3.115137734323772e+17	3.115137734323772e+17	3.115137734323772e+17	3.115137734323772e+17	3.115137734323772e+17	3.115137734323772e+17	3.115137734323772e+17	3.115137734323772e+17	3.115137734323772e+17	3.115137734323772e+17	3.115137734323772e+17	3.115137734323772e+17	3.115137734323772e+17	3.115137734323772e+17	3.115137734323772e+17	3.115137734323772e+17	3.115137734323772e+17	3.115137734323772e+17	3.115137734323772e+17	3.115137734323772e+17	3.115137734323772e+17	3.115137734323772e+17	3.115137734323772e+17	3.1831225391643334e+17	2.372936018780485e+17	0.0	2.952240111715123e+17	2.649086738409308e+17	4.0731158543846195e+17	2.6176687670853846e+17	2.8497254014091418e+17	2.7341544490963e+17	6.301888355406245e+17	3.115137734323772e+17	3.115137734323772e+17	3.115137734323772e+17	3.115137734323772e+17	3.115137734323772e+17	3.115137734323772e+17	2.89698721258145e+17	3.115137734323772e+17	2.6859761892518365e+17	2.3504450439722064e+17	2.3458402457834762e+17	2.510196543930234e+17	2.8598843877941098e+17	2.4435898377766032e+17	2.9645121027053677e+17	3.012482049036177e+17	3.41440763564131e+17	2.7315144169563773e+17	2.3707540294438298e+17	2.8170054797511994e+17	2.4011262187279043e+17	
1.9372464449852374e+17	1.9372464449852374e+17	1.9372464449852374e+17	1.9372464449852374e+17	1.9372464449852374e+17	1.9372464449852374e+17	1.9372464449852374e+17	1.9372464449852374e+17	1.9372464449852374e+17	1.9372464449852374e+17	1.9372464449852374e+17	1.9372464449852374e+17	1.9372464449852374e+17	1.9372464449852374e+17	1.9372464449852374e+17	1.9372464449852374e+17	1.9372464449852374e+17	1.9372464449852374e+17	1.9372464449852374e+17	1.9372464449852374e+17	1.9372464449852374e+17	1.9372464449852374e+17	1.9372464449852374e+17	1.9372464449852374e+17	3.387993536769816e+17	2.6888301865361037e+17	2.952240111715123e+17	0.0	2.1739139830288326e+17	4.325823162758794e+17	2.946448993202072e+17	3.175895800123549e+17	1.9624490786582928e+17	6.053640132620026e+17	1.9372464449852378e+17	1.9372464449852374e+17	1.9372464449852374e+17	1.9372464449852378e+17	1.9372464449852374e+17	1.9372464449852374e+17	1.952221743478557e+17	1.9372464449852374e+17	1.933736189518335e+17	3.0362425223583085e+17	2.9794052311125504e+17	2.991998375342042e+17	3.3101005474839834e+17	3.032586885453163e+17	3.4874876442247174e+17	3.481884452082143e+17	3.763390236091404e+17	3.439400926380025e+17	3.2193059524057683e+17	3.3590930405065805e+17	2.854353543127615e+17	
1.527579572196692e+17	1.527579572196692e+17	1.527579572196692e+17	1.527579572196692e+17	1.527579572196692e+17	1.527579572196692e+17	1.527579572196692e+17	1.527579572196692e+17	1.527579572196692e+17	1.527579572196692e+17	1.527579572196692e+17	1.527579572196692e+17	1.527579572196692e+17	1.527579572196692e+17	1.527579572196692e+17	1.527579572196692e+17	1.527579572196692e+17	1.527579572196692e+17	1.527579572196692e+17	1.527579572196692e+17	1.527579572196692e+17	1.527579572196692e+17	1.527579572196692e+17	1.527579572196692e+17	3.313144366798336e+17	2.5749063984715206e+17	2.649086738409308e+17	2.1739139830288326e+17	0.0	4.510349425656978e+17	2.8952364479176634e+17	2.5598107736888298e+17	1.1080210051053346e+17	6.35272170772378e+17	1.527579572196692e+17	1.527579572196692e+17	1.527579572196692e+17	1.5275795721966915e+17	1.527579572196692e+17	1.527579572196692e+17	1.8439760731309677e+17	1.527579572196692e+17	1.1566066701279171e+17	3.0709716013505594e+17	2.8672058635547946e+17	2.7885083457487603e+17	3.371139970840721e+17	2.966477220380424e+17	3.533295372708932e+17	3.6047632566076576e+17	3.9384340792935104e+17	3.317972884316937e+17	3.127485292810928e+17	3.3627230123467046e+17	2.745331244652563e+17	
4.322136552584273e+17	4.322136552584273e+17	4.322136552584273e+17	4.322136552584273e+17	4.322136552584273e+17	4.322136552584273e+17	4.322136552584273e+17	4.322136552584273e+17	4.322136552584273e+17	4.322136552584273e+17	4.322136552584273e+17	4.322136552584273e+17	4.322136552584273e+17	4.322136552584273e+17	4.322136552584273e+17	4.322136552584273e+17	4.322136552584273e+17	4.322136552584273e+17	4.322136552584273e+17	4.322136552584273e+17	4.322136552584273e+17	4.322136552584273e+17	4.322136552584273e+17	4.322136552584273e+17	3.3890041615653216e+17	3.394089586081323e+17	4.0731158543846195e+17	4.325823162758794e+17	4.510349425656978e+17	0.0	2.965877866542895e+17	3.898053629749717e+17	4.315762295493478e+17	6.61185438073469e+17	4.322136552584273e+17	4.322136552584273e+17	4.322136552584273e+17	4.322136552584273e+17	4.322136552584273e+17	4.322136552584273e+17	4.510950222843602e+17	4.322136552584273e+17	4.296163528923704e+17	3.019155958462151e+17	3.2175285696526336e+17	3.0788982361015814e+17	2.772541228009717e+17	3.128955144126297e+17	2.9266378155111e+17	2.823130574860695e+17	2.9485112930480237e+17	2.733708077299651e+17	3.215092582652283e+17	2.511816225564576e+17	3.0167120127430464e+17	
3.0554829678773715e+17	3.0554829678773715e+17	3.0554829678773715e+17	3.0554829678773715e+17	3.0554829678773715e+17	3.0554829678773715e+17	3.0554829678773715e+17	3.0554829678773715e+17	3.055482967877371e+17	3.0554829678773715e+17	3.0554829678773715e+17	3.0554829678773715e+17	3.0554829678773715e+17	3.0554829678773715e+17	3.0554829678773715e+17	3.0554829678773715e+17	3.0554829678773715e+17	3.055482967877371e+17	3.0554829678773715e+17	3.0554829678773715e+17	3.0554829678773715e+17	3.0554829678773715e+17	3.0554829678773715e+17	3.0554829678773715e+17	2.6503616013767206e+17	2.084037169281887e+17	2.6176687670853846e+17	2.946448993202072e+17	2.8952364479176634e+17	2.965877866542895e+17	0.0	2.5449842036351754e+17	2.842717875940033e+17	5.93564159587879e+17	3.0554829678773715e+17	3.0554829678773715e+17	3.0554829678773715e+17	3.0554829678773715e+17	3.0554829678773715e+17	3.0554829678773715e+17	3.0762695326156685e+17	3.0554829678773715e+17	2.802642999355251e+17	2.004720479156958e+17	2.0150267425564755e+17	1.71484800361125e+17	2.249570603046477e+17	2.156360484455598e+17	2.2263603491521504e+17	2.1066480163414192e+17	2.413984410449433e+17	2.2084219532521702e+17	2.0766485641418013e+17	1.925505512869848e+17	1.8667688747506326e+17	
3.0687180003594797e+17	3.0687180003594797e+17	3.0687180003594797e+17	3.0687180003594797e+17	3.0687180003594797e+17	3.0687180003594797e+17	3.0687180003594797e+17	3.0687180003594797e+17	3.0687180003594797e+17	3.0687180003594797e+17	3.0687180003594797e+17	3.0687180003594797e+17	3.0687180003594797e+17	3.0687180003594797e+17	3.0687180003594797e+17	3.0687180003594797e+17	3.0687180003594797e+17	3.0687180003594797e+17	3.0687180003594797e+17	3.0687180003594797e+17	3.0687180003594797e+17	3.0687180003594797e+17	3.0687180003594797e+17	3.0687180003594797e+17	2.837696764459112e+17	2.582496426699232e+17	2.8497254014091418e+17	3.175895800123549e+17	2.5598107736888298e+17	3.898053629749717e+17	2.5449842036351754e+17	0.0	2.6254969707372992e+17	6.368642812606483e+17	3.0687180003594797e+17	3.0687180003594797e+17	3.0687180003594797e+17	3.0687180003594797e+17	3.0687180003594797e+17	3.0687180003594797e+17	3.047405269017974e+17	3.0687180003594797e+17	2.5423348917763974e+17	2.6845919460611478e+17	2.4985824409146406e+17	2.4710739177726874e+17	2.968498594562029e+17	2.6987860127443325e+17	2.910052466260655e+17	3.079647033648054e+17	3.385767566302678e+17	3.0681616846406554e+17	2.688155968713344e+17	2.7891146653297136e+17	2.4397702053519126e+17	
9.534953196202368e+16	9.534953196202368e+16	9.534953196202368e+16	9.534953196202368e+16	9.534953196202368e+16	9.534953196202368e+16	9.534953196202368e+16	9.534953196202368e+16	9.534953196202368e+16	9.534953196202368e+16	9.534953196202368e+16	9.534953196202368e+16	9.534953196202368e+16	9.534953196202368e+16	9.534953196202368e+16	9.534953196202368e+16	9.534953196202368e+16	9.534953196202368e+16	9.534953196202368e+16	9.534953196202368e+16	9.534953196202368e+16	9.534953196202368e+16	9.534953196202368e+16	9.534953196202368e+16	3.277279529652615e+17	2.5879326225326208e+17	2.7341544490963e+17	1.9624490786582928e+17	1.1080210051053346e+17	4.315762295493478e+17	2.842717875940033e+17	2.6254969707372992e+17	0.0	6.310804003444956e+17	9.534953196202365e+16	9.534953196202368e+16	9.534953196202368e+16	9.534953196202365e+16	9.534953196202365e+16	9.534953196202366e+16	1.5877714408504768e+17	9.534953196202368e+16	7.833865483346528e+16	2.9733120006709254e+17	2.8425088882300534e+17	2.7848459289519104e+17	3.226749326505227e+17	2.925263951709387e+17	3.401732500551992e+17	3.5532200509776685e+17	3.878782214780144e+17	3.251716882461571e+17	3.110472260557856e+17	3.261445315772473e+17	2.6751964507174822e+17	
6.434329904530761e+17	6.434329904530761e+17	6.434329904530761e+17	6.434329904530761e+17	6.434329904530761e+17	6.434329904530761e+17	6.434329904530761e+17	6.434329904530761e+17	6.434329904530761e+17	6.434329904530761e+17	6.434329904530761e+17	6.434329904530761e+17	6.434329904530761e+17	6.434329904530761e+17	6.434329904530761e+17	6.434329904530761e+17	6.434329904530761e+17	6.434329904530761e+17	6.434329904530761e+17	6.434329904530761e+17	6.434329904530761e+17	6.434329904530761e+17	6.434329904530761e+17	6.434329904530761e+17	5.661846799022726e+17	6.09577411224016e+17	6.301888355406245e+17	6.053640132620026e+17	6.35272170772378e+17	6.61185438073469e+17	5.93564159587879e+17	6.368642812606483e+17	6.310804003444956e+17	0.0	6.434329904530761e+17	6.434329904530761e+17	6.434329904530761e+17	6.434329904530761e+17	6.434329904530761e+17	6.434329904530761e+17	6.066871811278755e+17	6.434329904530761e+17	6.301328856008636e+17	5.92986738732284e+17	5.90844063940471e+17	6.139512196954067e+17	6.384425468934223e+17	5.904124931909074e+17	6.378671497163546e+17	5.880443453654441e+17	5.881778386066739e+17	6.256295889435894e+17	5.95676534553231e+17	6.079839647045594e+17	5.95533812534319e+17	
11.261723165790334	11.03637184662606	11.198815801420132	11.195030851665779	11.484444736324102	11.456963433288799	11.126106067194096	11.021415582769825	11.092360648290905	10.65247595826646	10.793670374768297	10.923512078714063	10.784364790223895	10.903708560999975	10.678101512673123	10.395589343195676	11.441096726417031	11.576751264271364	8.83904004745702	9.038163272266297	9.298936150174198	10.772192169012078	10.70600765461365	10.731626268297124	3.518878232732603e+17	2.7990239150002768e+17	3.115137734323772e+17	1.9372464449852378e+17	1.527579572196692e+17	4.322136552584273e+17	3.0554829678773715e+17	3.0687180003594797e+17	9.534953196202365e+16	6.434329904530761e+17	0.0	10.535674414333243	11.398554919441102	39.846899970455866	13.092970645071784	25.74332198410607	1.679052461159014e+17	9.319156113414495	9.888688291769419e+16	3.2208973900697344e+17	3.133277613953883e+17	3.041349341830942e+17	3.3588053216024915e+17	3.216111790587705e+17	3.571268247710592e+17	3.743357447087578e+17	4.0459436691773555e+17	3.4428765430971206e+17	3.411741746032071e+17	3.4733656429541946e+17	2.910535577066816e+17	
