0.0	0.4331386929528917	0.4267248397105782	0.65626122061923	0.43588389979628767	0.48600336583700443	0.470721395375443	0.3698729177704427	0.5622048215478087	0.511058498479813	0.4283016896381473	0.5538880861175901	0.42235358917713356	0.5174278536861201	0.43130665791979017	0.5052801966559598	0.43726808330554107	0.44716341525176484	0.5058274745625018	0.588204560086185	0.5623155992524569	0.36505201048820907	0.3543767329238692	0.33305917027137155	0.8830890239057	0.9038082083872868	0.9218678163286682	0.8927134197106789	0.9629198151259756	0.9586582913770386	0.9304241334645127	0.9821859878318379	0.9733502854002618	0.8935104029715887	0.7327327598486302	0.6365406162801701	0.6215799218487106	0.8855242162731656	0.8063260379474996	0.8509282642636316	0.9341452775140863	0.7930235692940731	0.9574437253106854	0.915049610987505	0.9345294299383416	0.9265133794278054	0.9337624982045792	0.9118457286901692	0.9524475189840741	0.8962864504641402	0.8670412800295387	0.939498639577178	0.8774142034456361	0.9288989745953892	0.8976660443359821	
0.4331386929528917	0.0	0.48657638287853194	0.6053797663945334	0.43727966844115956	0.4509756003867867	0.5330506059435827	0.4155910576056391	0.5887526641883648	0.5541852295363323	0.49482876629020883	0.5907522848393989	0.4906057002147433	0.56035485388913	0.4985438784723021	0.5690960691318749	0.43426614751433135	0.4514207543978954	0.5316494865854189	0.5890626943029587	0.6154664387032945	0.5054442425993906	0.48716493821307283	0.4722962997227905	0.7874878466181211	0.8674951879197501	0.9488133356082986	0.8122684800923045	0.9297842736252411	0.9893914923883044	0.9389392555573668	0.927935437113544	0.963406718981789	0.8137628214069017	0.6989185316173729	0.6275563405600366	0.6660375040546105	0.8476938195008692	0.7057882123313818	0.8048500733075301	0.8692753790418963	0.824540681819396	0.9393116384144813	0.8833750292350077	0.9481742337858022	0.9177898442975018	0.9514670364952302	0.86813116004205	0.9597926939618583	0.8325287002711502	0.7596080956948562	0.9518459577314011	0.767756250435544	0.9359227648879854	0.8254672959481495	
0.4267248397105782	0.48657638287853194	0.0	0.7533743008335448	0.4461092423731871	0.5359987127392523	0.3150190679178413	0.3961175964262534	0.5164574351550879	0.520333978232144	0.3977867668218364	0.5111878611442514	0.39651005861400995	0.5558105841346144	0.38801246099242265	0.37628745735031355	0.4204113870624411	0.3334458564000242	0.46125318870292104	0.4816752847864398	0.46205525253065277	0.3979116812332789	0.37672108539463267	0.3509105682869625	0.9147291249461598	0.9106362220558942	0.9741577743322121	0.957862377037793	0.9614269707657231	0.7287496209720452	0.7530475701275287	0.9113529905317828	0.9425948618207207	0.9983412519611049	0.6756099531410306	0.7384115002245274	0.6081073802853444	0.9424643817551771	0.9200107011338392	0.8869865854759855	0.9480862787321425	0.575536708726847	0.951041534522929	0.7786524256257177	0.7876353136303842	0.7970489364259669	0.8040806377203932	0.8246169605252879	0.7836204487271528	0.8135005062119927	0.9629053616398414	0.7527127252865793	0.8944452840797772	0.764299552546862	0.8803635593761922	
0.65626122061923	0.6053797663945334	0.7533743008335448	0.0	0.6928643440884327	0.6672590767389672	0.7952650662050637	0.6452238142296561	0.7608466189733954	0.7228323677828782	0.7227956711540715	0.7544642126306943	0.7248931971371744	0.6426642531179715	0.7367683217133179	0.8179673281310433	0.6647247687364553	0.7212903418085187	0.7700807282633438	0.8247783016449884	0.8638522300209397	0.7403327503725211	0.7288165270341241	0.7219915105090415	0.8548546160556869	0.9847847262618665	1.0543281644599067	0.8662377247912362	1.0559810197812083	1.2233097407443885	1.1469347146070852	1.0083852789590981	1.0433985716186593	0.8512221035928985	0.8753667284969552	0.7223752289472901	0.8445651629327976	0.9461878411581163	0.7469077062695203	0.7926991671494152	0.9640690813432742	1.0670310092532778	1.0322765674095449	1.078839611733779	1.1461553377338884	1.1071866001477024	1.1323784620545057	1.0210120940806369	1.1352121472620835	0.9905443766291064	0.7972962211773016	1.1797332612084093	0.8550462375536652	1.1516641931155844	0.8757660216090982	
0.43588389979628767	0.43727966844115956	0.4461092423731871	0.6928643440884327	0.0	0.46936576100061567	0.5036296109765918	0.40965288417461604	0.6009330122925498	0.5829058171540346	0.49995962615906947	0.6014140015218767	0.4939354416833896	0.6077507315157803	0.5021785716411299	0.5578330856963164	0.4517537831632892	0.43831996512704535	0.54949910106533	0.5959329434455002	0.6161133885845069	0.4952694708954488	0.47672702990334703	0.46133007741349086	0.8401823036844324	0.8694595074608858	0.9460336665761466	0.8620201655421371	0.9030701557984226	0.9560518570552587	0.890577202381214	0.9163014680835595	0.9653158313226781	0.877215307634608	0.7183504566274546	0.6746696191854112	0.6871390080148241	0.8743697139486847	0.7879618590167577	0.8340127435693226	0.8783803181704986	0.7967004083095656	0.9518380407539871	0.869331455963304	0.9197428637856099	0.8748056590195243	0.9164023078466341	0.844793901518103	0.931867580284858	0.8317834711307367	0.8270690938218977	0.9152836329115329	0.809278092103851	0.8953042438162067	0.8558350832198531	
0.48600336583700443	0.4509756003867867	0.5359987127392523	0.6672590767389672	0.46936576100061567	0.0	0.5592246944928491	0.45193751351585015	0.6497914383414359	0.6269801899058495	0.5607236472068285	0.6596259577320398	0.5480763758968102	0.6456378747633835	0.5598887611480468	0.6092923427808287	0.472051592862308	0.5282693564900144	0.5711825405024648	0.6089249466462512	0.6579363486180487	0.5486350108143945	0.5313842978845219	0.5249405293646563	0.7727374131595081	0.8779646433386828	0.9781728921293336	0.8125026102244693	0.9519918983988677	0.9846090261785575	0.930236450978385	0.9841077909881144	0.9838285298410687	0.8145154611498746	0.7079100783497106	0.6433900781000574	0.7312931536952696	0.8875132568842775	0.7119411417442422	0.8520797126230607	0.8993738304829576	0.825890002149074	0.9546832532822919	0.8717864015881607	0.9566297500554052	0.9222881367236371	0.9521083599856538	0.8587466730425353	0.9535185852764282	0.8076657074626301	0.7481734250504304	0.9461807633876813	0.7466729116759256	0.9204713020664894	0.8183156763604436	
0.470721395375443	0.5330506059435827	0.3150190679178413	0.7952650662050637	0.5036296109765918	0.5592246944928491	0.0	0.4294094977517309	0.5423693850585168	0.5553239029956266	0.4332553540763347	0.5377371523593979	0.42651741178092833	0.6105505192122106	0.41307078351253174	0.3603460189977697	0.46257518349806376	0.38688239290042437	0.42831914896385986	0.4300605570822687	0.4187294117128946	0.44064039764113067	0.4159371082259172	0.39824437749415637	0.8924462472683714	0.918177033319708	1.0163980514748394	0.961244177066959	1.038593960883926	0.6206355847894335	0.6818235188558779	0.9834588753399749	0.9685944431994574	1.0150054067140017	0.6252093128724552	0.75590615828329	0.6306250315642355	1.0042682259904478	0.9131492960877773	0.9558362684620954	1.0009556566229816	0.4793671927826379	0.9704535034276011	0.7144416390195187	0.7348440200952236	0.762353540666862	0.7598288417082545	0.8092982339821843	0.7442253017207163	0.7543942984083342	0.9543003635021421	0.6763754223569881	0.8732543752836195	0.7084695084588266	0.8555031740319955	
0.3698729177704427	0.4155910576056391	0.3961175964262534	0.6452238142296561	0.40965288417461604	0.45193751351585015	0.4294094977517309	0.0	0.5497992483721502	0.5225697664368637	0.42920255520979744	0.551426090494487	0.41390170812254534	0.5424132249029382	0.4217519220080755	0.47708963235677765	0.4146658083507279	0.4116140348615064	0.46773264983141444	0.5200118319209891	0.5315443437168814	0.4054227349135542	0.38840546225327255	0.3687100997324682	0.8076274602429047	0.8783717696676108	0.9420213437091339	0.8496889661176545	0.9413431375147051	0.9042292391434432	0.8722983669758536	0.9427385032650795	0.9627331093428777	0.851453061893836	0.6767426814040726	0.6216706555926297	0.6383373644542778	0.8980560732014498	0.7551811695703676	0.8459353967384133	0.9104343021977538	0.7360197044657547	0.9442172417815052	0.8510867897099715	0.9039604942991731	0.8755641598190025	0.8927885893496741	0.8486049430453367	0.9040994420082381	0.8214362885663633	0.8146931308967285	0.8898970377706884	0.8080973614310933	0.8829538277052328	0.8498727249871246	
0.5622048215478087	0.5887526641883648	0.5164574351550879	0.7608466189733954	0.6009330122925498	0.6497914383414359	0.5423693850585168	0.5497992483721502	0.0	0.547120550250828	0.4488506128401813	0.49243502067427525	0.44526298294569905	0.561368412189252	0.4488627101162666	0.4755172147223193	0.5634689744526019	0.5136127053057357	0.5810449225817442	0.6052962776967605	0.5922242028518439	0.5469481331976584	0.5268787813840263	0.5093635911573658	0.927558134647702	0.9758739079540041	1.0366080843940135	0.9629658205837802	1.045140398730088	0.8413744094752738	0.8813169480431181	0.990017888646591	1.001280132602059	0.987383200961673	0.7622700807744551	0.7627042845593159	0.7092616227046702	0.9698611339847519	0.9102559053385395	0.9367503499633946	1.0152288476969595	0.7109977928511131	0.9999034161966023	0.8772856640701566	0.9151832730791645	0.9289867566097281	0.9360266637556961	0.9431891167272072	0.9282631757957868	0.8998422499144475	0.9645926669418151	0.8792095380086908	0.927136212713912	0.8923711674889643	0.9483982626099893	
0.511058498479813	0.5541852295363323	0.520333978232144	0.7228323677828782	0.5829058171540346	0.6269801899058495	0.5553239029956266	0.5225697664368637	0.547120550250828	0.0	0.485184730301566	0.5274507574816346	0.47705995097135157	0.49365801216361116	0.4847807505507546	0.527790604892154	0.547662763045111	0.5197216865272358	0.5732568522924067	0.629810183351893	0.6011181004626382	0.5107921737338361	0.4969493859952373	0.477456681596292	0.9430986218099073	0.9657041170123597	0.9886142338656271	0.9582853645209607	1.0283834044720508	0.923587702281704	0.9328942224222783	1.0047832409760966	1.001791281810478	0.9705835976651691	0.777846999628142	0.7337311327860739	0.6864612867087939	0.9370154658421681	0.8888367494366547	0.8936156705673819	0.989469335459903	0.7767672132338711	0.9936133737579055	0.9271771331101399	0.9518865824560601	0.9609434060279965	0.9510298953501755	0.9577571509679458	0.9685418642526884	0.9347358497113217	0.9446167968729094	0.9335473087680344	0.938594962979275	0.9405533900428965	0.9532074742269069	
0.4283016896381473	0.49482876629020883	0.3977867668218364	0.7227956711540715	0.49995962615906947	0.5607236472068285	0.4332553540763347	0.42920255520979744	0.4488506128401813	0.485184730301566	0.0	0.4624236052701592	0.3146735004583846	0.5007126735707808	0.3121100276533716	0.3743213155382594	0.46483242568392635	0.4143789996281466	0.49242229032897805	0.5484641183764618	0.507456105784796	0.35015801350522663	0.329158913393116	0.3151414890502005	0.9089262075530551	0.9560833933798676	1.0136966265089993	0.9373543689755612	0.9934310332081526	0.8375711898323718	0.8695893498396443	0.9630075215927832	0.9672701534251695	0.9522539306266686	0.7233061407746603	0.7087843380317045	0.6349624389135498	0.9270167584262559	0.8716235606678049	0.8931645799569548	0.9824056631836997	0.6847463241569492	0.9625534020573073	0.877140015943432	0.9073796150292445	0.9079111452070938	0.9176926767985033	0.9279808999407507	0.9077832576387246	0.8873495254427743	0.9343963308621182	0.8688921724139629	0.9138050600059456	0.8847698819914748	0.9277725375221889	
0.5538880861175901	0.5907522848393989	0.5111878611442514	0.7544642126306943	0.6014140015218767	0.6596259577320398	0.5377371523593979	0.551426090494487	0.49243502067427525	0.5274507574816346	0.4624236052701592	0.0	0.4661373806672973	0.5386779291460896	0.46216730391566846	0.4538758667192577	0.5636381459966845	0.5066274766956931	0.5808669948209503	0.6102523365440796	0.5855079744053483	0.5425238711273327	0.5227637408672863	0.5018297652159411	0.9603808212156814	0.9796058386816847	1.0198302486948898	0.9926524970105322	1.0468992474832484	0.8341312553389012	0.8806573311807895	0.9969014745693537	1.0081942625110232	1.0228684745880408	0.7772882294160715	0.7809379601538589	0.6995985902508304	0.9642249656143332	0.9491582621772563	0.9223208397412851	1.0173803252697893	0.7056155525101718	1.0028161150330108	0.8851701829103953	0.9088300017599192	0.928186393239968	0.9182536749996796	0.9489645682333774	0.9308931842729682	0.916439455645027	1.0040649382665856	0.8767722588457653	0.9548451126147255	0.8889085093528243	0.9610515251028546	
0.42235358917713356	0.4906057002147433	0.39651005861400995	0.7248931971371744	0.4939354416833896	0.5480763758968102	0.42651741178092833	0.41390170812254534	0.44526298294569905	0.47705995097135157	0.3146735004583846	0.4661373806672973	0.0	0.5166824177084895	0.3073460666380431	0.3653334007568781	0.45941625595060875	0.4167488521477574	0.46903554948414733	0.5229518102578585	0.48450224240194595	0.3735036609712529	0.3556214019196746	0.3364346518145568	0.883834260090257	0.9307197267389856	0.9853130556102502	0.9121478365224548	0.9980381865325829	0.8217722772648387	0.8541668301947805	0.9756910648420848	0.9710830742246624	0.9289281156108569	0.7028560555499495	0.6839807473618915	0.6348379058000485	0.9311401353749056	0.8478189348775622	0.8974520215071334	0.9695240811630185	0.6674261606146877	0.9634559073345956	0.8549454110987014	0.8897600260487596	0.8933865139435038	0.901069770701724	0.9059968625420491	0.900783622396407	0.8710684794747833	0.9069036913440792	0.8519154843181451	0.8913681802247598	0.867568176045443	0.9165745248525824	
0.5174278536861201	0.56035485388913	0.5558105841346144	0.6426642531179715	0.6077507315157803	0.6456378747633835	0.6105505192122106	0.5424132249029382	0.561368412189252	0.49365801216361116	0.5007126735707808	0.5386779291460896	0.5166824177084895	0.0	0.5275747218486284	0.5884526599132464	0.5636530257867278	0.5530787002994056	0.6386641711607299	0.7045497576957414	0.6759911827640951	0.5133721192639625	0.49927911810795556	0.48430418686050136	0.9802841969957226	1.0074073072301242	1.0172019431362234	0.9781076589674756	1.0262329065453846	1.0333034464811226	1.0280555372003224	0.9833424413967082	0.9992415121467264	0.9823125430429318	0.841585443698666	0.7527748767054827	0.7042401146795012	0.9374571063502506	0.9073037744326419	0.8596576533187886	0.9983071114565739	0.8801273796683383	1.00764462366834	1.0118789279504374	1.0209565801111427	1.0277026279551036	1.021520657739561	1.0086279396232107	1.01718221117289	1.0013311025043732	0.9649061723211405	1.0307813713745078	0.9802310009297218	1.024948235702272	0.9677983764499021	
0.43130665791979017	0.4985438784723021	0.38801246099242265	0.7367683217133179	0.5021785716411299	0.5598887611480468	0.41307078351253174	0.4217519220080755	0.4488627101162666	0.4847807505507546	0.3121100276533716	0.46216730391566846	0.3073460666380431	0.5275747218486284	0.0	0.3431969040484975	0.4653561582758857	0.4077278850765609	0.4586044280445251	0.5049140760363816	0.4679871624982713	0.38907709139432567	0.3680434632518918	0.3448540372514236	0.882857369737919	0.9392664956129037	1.0002234313268787	0.9216042219782282	1.005613200141675	0.7817306716807423	0.8252677090238824	0.9748295885253688	0.9717816384594705	0.944273438855829	0.6898847396471675	0.6959373434672018	0.6246782872323869	0.9379930791630714	0.8596317796610594	0.9082385652479131	0.984583549858371	0.6314110721390858	0.9600707072577268	0.8367635220576902	0.8701418852545894	0.8732312963422358	0.8819941272465865	0.9016011674644673	0.8807758056754262	0.8541935596225623	0.921441719199645	0.8252821228499088	0.8893806967332973	0.8386074888826195	0.9102234787312821	
0.5052801966559598	0.5690960691318749	0.37628745735031355	0.8179673281310433	0.5578330856963164	0.6092923427808287	0.3603460189977697	0.47708963235677765	0.4755172147223193	0.527790604892154	0.3743213155382594	0.4538758667192577	0.3653334007568781	0.5884526599132464	0.3431969040484975	0.0	0.5030377145240081	0.4078022754853195	0.4370516519190075	0.43568017268194464	0.39605155951779636	0.4545836186975287	0.4261751614951498	0.40310463391981033	0.9150217864629121	0.961385038988142	1.0497038733219344	0.9734962931844335	1.0658430639828786	0.5892495178523337	0.6970655390867174	1.0098692975684267	0.9834112580491741	1.0212384522982179	0.6502883165920699	0.7715447880603219	0.6410454428906877	1.014350317760029	0.9369330494083719	0.9794023477598889	1.038125436285998	0.45938642595220036	0.9827325007030433	0.7386981057450847	0.7711022374291282	0.8015253699391015	0.8028369781296637	0.8785397825382454	0.7858732563465972	0.7963526509455744	0.9906489938802064	0.6811657959185218	0.9155341134571455	0.7225176034024395	0.9082585416993691	
0.43726808330554107	0.43426614751433135	0.4204113870624411	0.6647247687364553	0.4517537831632892	0.472051592862308	0.46257518349806376	0.4146658083507279	0.5634689744526019	0.547662763045111	0.46483242568392635	0.5636381459966845	0.45941625595060875	0.5636530257867278	0.4653561582758857	0.5030377145240081	0.0	0.418175857227103	0.5186605291201271	0.5625134463962177	0.5636635268069724	0.45736837034458167	0.4382535531689384	0.4231702026492207	0.8399933125345982	0.8890926580375752	0.9479029605281636	0.8836223310178615	0.9453391570105545	0.896095544765804	0.8876064653401139	0.9300391151049913	0.9588042771127173	0.8889954333827689	0.7182347402652974	0.6665082738792274	0.6532616011989173	0.8788819075361467	0.8001149587242601	0.8493906944293923	0.8974721517355021	0.737531448834277	0.9370504322095485	0.8608678322468131	0.9057108907536163	0.8963327131620059	0.90528956820892	0.8551097281168504	0.8997263450834416	0.8572856784277499	0.8574962645141231	0.8950392043361526	0.8239480848491716	0.8849965806624946	0.8639397360457699	
0.44716341525176484	0.4514207543978954	0.3334458564000242	0.7212903418085187	0.43831996512704535	0.5282693564900144	0.38688239290042437	0.4116140348615064	0.5136127053057357	0.5197216865272358	0.4143789996281466	0.5066274766956931	0.4167488521477574	0.5530787002994056	0.4077278850765609	0.4078022754853195	0.418175857227103	0.0	0.45517068811554345	0.47943579028385913	0.48201820872792717	0.46260621397490376	0.44093511522650986	0.4168074261817408	0.8973962073036628	0.8899347076320908	0.9599289599074071	0.9381370384730663	0.938980082700785	0.7583783444287484	0.771318774557547	0.8439662181573669	0.9379636253537794	0.9790311844375313	0.6752470071179749	0.7198011282158447	0.6218033529531596	0.9041531983749014	0.893544223211984	0.8572106800993413	0.9172374336704765	0.6051694924135745	0.9448809464536148	0.7878305755371141	0.8073457479017919	0.8067457996134775	0.8142867897649704	0.8295140735014109	0.8100659738992274	0.8172618234087917	0.9433793668999004	0.7805085716236413	0.876161575021164	0.7921636176234254	0.874260473171577	
0.5058274745625018	0.5316494865854189	0.46125318870292104	0.7700807282633438	0.54949910106533	0.5711825405024648	0.42831914896385986	0.46773264983141444	0.5810449225817442	0.5732568522924067	0.49242229032897805	0.5808669948209503	0.46903554948414733	0.6386641711607299	0.4586044280445251	0.4370516519190075	0.5186605291201271	0.45517068811554345	0.0	0.3822431281373344	0.4065889805108247	0.5451397421604174	0.5204002702353164	0.49933378469408846	0.8229703056142372	0.9190258266182253	1.027022521062346	0.8767613177441209	1.066431656449703	0.6796542713833125	0.7275486707992667	1.0354993232194936	0.9948602679008928	0.9155855948058598	0.54116526053979	0.6728937348204453	0.6470168250778192	0.9796283255598932	0.7834404288006465	0.958063055490904	1.004947104365232	0.5276719463234048	0.983391451987183	0.7401100536643743	0.8006169584284887	0.8084233689666548	0.8215241129059092	0.8571764565211369	0.8292982705794711	0.7716285059952045	0.8510506531540274	0.7344109359264689	0.8380150343983332	0.7603711692608984	0.8609462343830714	
0.588204560086185	0.5890626943029587	0.4816752847864398	0.8247783016449884	0.5959329434455002	0.6089249466462512	0.4300605570822687	0.5200118319209891	0.6052962776967605	0.629810183351893	0.5484641183764618	0.6102523365440796	0.5229518102578585	0.7045497576957414	0.5049140760363816	0.43568017268194464	0.5625134463962177	0.47943579028385913	0.3822431281373344	0.0	0.3975841142966653	0.6278506967348294	0.5982022724689091	0.578993563654856	0.8213589199587695	0.9220196192494168	1.0744786034816347	0.8950322069628334	1.107905388061651	0.5498887694430469	0.6225859126408225	1.0553807493078216	1.0024538661908386	0.9597478105953662	0.5305949067225653	0.7339734571160984	0.6841355717731529	1.0398931890263423	0.8308858183407217	1.0036768194050545	1.031746163167486	0.39276502660879653	0.9910067085200557	0.6470348139840395	0.7211506332068812	0.7392182203605866	0.7615927090249869	0.8088317158492444	0.7503288795029803	0.6881889593000645	0.8855687494617573	0.6160168436583775	0.8249311399712207	0.6540172047822788	0.8342493698797664	
0.5623155992524569	0.6154664387032945	0.46205525253065277	0.8638522300209397	0.6161133885845069	0.6579363486180487	0.4187294117128946	0.5315443437168814	0.5922242028518439	0.6011181004626382	0.507456105784796	0.5855079744053483	0.48450224240194595	0.6759911827640951	0.4679871624982713	0.39605155951779636	0.5636635268069724	0.48201820872792717	0.4065889805108247	0.3975841142966653	0.0	0.5521547043463566	0.5257389783687271	0.5008000014586407	0.9304792631240247	0.9738044518201188	1.0728557955242763	0.9619922649537895	1.1183520610053628	0.5354631711181039	0.6607253123224176	1.0697927322613978	1.0191734171928555	1.0180307659822572	0.6014646736261039	0.7678313433641367	0.6710120693655741	1.0595761028662414	0.9112416406555157	1.0341328200933002	1.0724729854478814	0.41382457982868665	1.0049866924364923	0.7125424858581426	0.7548524818686272	0.7808629673658265	0.7882389032759871	0.8832644858672353	0.7887993235306038	0.7961518563256502	0.9875895553653088	0.6384323534252639	0.9462649157082719	0.6923930733286362	0.9346416903122832	
0.36505201048820907	0.5054442425993906	0.3979116812332789	0.7403327503725211	0.4952694708954488	0.5486350108143945	0.44064039764113067	0.4054227349135542	0.5469481331976584	0.5107921737338361	0.35015801350522663	0.5425238711273327	0.3735036609712529	0.5133721192639625	0.38907709139432567	0.4545836186975287	0.45736837034458167	0.46260621397490376	0.5451397421604174	0.6278506967348294	0.5521547043463566	0.0	0.06466105189943354	0.09475119936975904	0.9811688997999453	0.9838194081989894	0.9908401361416591	0.9851907786767197	0.9773265016855972	0.9325724906031634	0.9476288543017557	0.991063573892258	0.9780095332188242	0.9935223633459351	0.7901987741029716	0.7190781038757061	0.6370150599223127	0.9166040859750716	0.9224712450901786	0.8899504084328842	0.9855094008078964	0.7752104782293171	0.9780441060463431	0.9547236900951921	0.9562426067790937	0.9606893919177691	0.9606051793779264	0.9719909699668744	0.9573880039359727	0.9633550157920877	0.9919924724834683	0.9452293358991781	0.9809988483851905	0.9506994688284583	0.9801513252178522	
0.3543767329238692	0.48716493821307283	0.37672108539463267	0.7288165270341241	0.47672702990334703	0.5313842978845219	0.4159371082259172	0.38840546225327255	0.5268787813840263	0.4969493859952373	0.329158913393116	0.5227637408672863	0.3556214019196746	0.49927911810795556	0.3680434632518918	0.4261751614951498	0.4382535531689384	0.44093511522650986	0.5204002702353164	0.5982022724689091	0.5257389783687271	0.06466105189943354	0.0	0.06312535938070322	0.9619998369185123	0.9753116088548295	0.9961567208714803	0.9700463059812895	0.9752233969179033	0.9015695578054387	0.9223443354336126	0.9871078708697423	0.9692855400812663	0.9796888745432367	0.7647833322224223	0.7088750143907763	0.6289169161923897	0.9150573763384651	0.9039671394880292	0.8866984739502713	0.9821345659129338	0.7434350670919038	0.9679899947872804	0.931828211312613	0.9381903734653044	0.9420933365864281	0.9458516782110912	0.9586319589627921	0.9388678490204606	0.9396077163489919	0.973770966153512	0.9186670670721212	0.9634612849427123	0.9277382688953195	0.9620011585172655	
0.33305917027137155	0.4722962997227905	0.3509105682869625	0.7219915105090415	0.46133007741349086	0.5249405293646563	0.39824437749415637	0.3687100997324682	0.5093635911573658	0.477456681596292	0.3151414890502005	0.5018297652159411	0.3364346518145568	0.48430418686050136	0.3448540372514236	0.40310463391981033	0.4231702026492207	0.4168074261817408	0.49933378469408846	0.578993563654856	0.5008000014586407	0.09475119936975904	0.06312535938070322	0.0	0.9593195794999952	0.9624664001131621	0.9703759972945574	0.9669795587724944	0.9686675783548484	0.885267205529891	0.9072105099605356	0.9789903350676077	0.961448181349497	0.9766233740260867	0.7550040593141486	0.6984468217501096	0.6062474611295593	0.9049780594253549	0.9036966321034455	0.8799140704968486	0.9723846790973932	0.7252473578259221	0.9597608816677846	0.9179754905783637	0.9201041411261752	0.9263006685972721	0.9252626480370172	0.9447520898516135	0.9243322506611689	0.9307401388929611	0.9749898315179722	0.9026736449535309	0.9582420479208493	0.9105495085129863	0.9564898119563715	
0.8830890239057	0.7874878466181211	0.9147291249461598	0.8548546160556869	0.8401823036844324	0.7727374131595081	0.8924462472683714	0.8076274602429047	0.927558134647702	0.9430986218099073	0.9089262075530551	0.9603808212156814	0.883834260090257	0.9802841969957226	0.882857369737919	0.9150217864629121	0.8399933125345982	0.8973962073036628	0.8229703056142372	0.8213589199587695	0.9304792631240247	0.9811688997999453	0.9619998369185123	0.9593195794999952	0.0	0.9093393206059547	1.2094354385415762	0.6412044291799706	1.1613521774208828	1.0311031083262987	0.967180655307024	1.1578166435149495	1.1472100417971494	0.6105159948764692	0.7632450228168746	0.7713028114247172	1.014803530019187	1.0851819815942338	0.5170081869795079	1.0527654304549319	1.0271433103516534	0.957712388174003	1.0521748904056614	0.8694584981470267	1.0763579423222454	0.9913637072236081	1.0934699264269627	0.8865704822517441	1.0786206840220427	0.6885805835194773	0.4746100715323919	1.0080514272596135	0.5521089747504506	1.001121780803984	0.7441591765207494	
0.9038082083872868	0.8674951879197501	0.9106362220558942	0.9847847262618665	0.8694595074608858	0.8779646433386828	0.918177033319708	0.8783717696676108	0.9758739079540041	0.9657041170123597	0.9560833933798676	0.9796058386816847	0.9307197267389856	1.0074073072301242	0.9392664956129037	0.961385038988142	0.8890926580375752	0.8899347076320908	0.9190258266182253	0.9220196192494168	0.9738044518201188	0.9838194081989894	0.9753116088548295	0.9624664001131621	0.9093393206059547	0.0	0.9806156841495708	0.9346537433724373	1.1784641615256002	1.1032280000073387	1.015971023208904	1.1606450706396962	1.1696960374388854	0.9803328414370961	0.9523641741627058	0.9046706869053546	0.9987915581374004	1.082445234269379	0.9082628050165126	1.0916838491803535	1.0029602584350694	1.0297556597796391	1.110157646462968	0.95148288476468	1.00239457301012	1.0299717374764001	1.0081928486158507	0.9142890680742614	1.0996924661014054	0.9070765789061573	0.8769538300276054	1.0504778341308134	0.8383457997748134	0.9991418818166614	0.9386135413470827	
0.9218678163286682	0.9488133356082986	0.9741577743322121	1.0543281644599067	0.9460336665761466	0.9781728921293336	1.0163980514748394	0.9420213437091339	1.0366080843940135	0.9886142338656271	1.0136966265089993	1.0198302486948898	0.9853130556102502	1.0172019431362234	1.0002234313268787	1.0497038733219344	0.9479029605281636	0.9599289599074071	1.027022521062346	1.0744786034816347	1.0728557955242763	0.9908401361416591	0.9961567208714803	0.9703759972945574	1.2094354385415762	0.9806156841495708	0.0	1.1735144140572935	1.1568266940212881	1.3129558713073042	1.2348912826642962	1.2001016290299122	1.2394167660638908	1.1853938079812294	1.1619222209745297	0.9946147876198809	0.9886289582968649	1.0208700297332376	1.191120795504734	1.0896751501617377	1.0127183320154454	1.2104033842899016	1.1875151283247896	1.1644634472581041	1.1185015064809707	1.165311975395528	1.0328001646011467	1.0371842266445042	1.2341841758831096	1.2013744212360482	1.21452660736612	1.2558216433874214	1.1134103376564268	1.166019082176715	1.197414623261403	
0.8927134197106789	0.8122684800923045	0.957862377037793	0.8662377247912362	0.8620201655421371	0.8125026102244693	0.961244177066959	0.8496889661176545	0.9629658205837802	0.9582853645209607	0.9373543689755612	0.9926524970105322	0.9121478365224548	0.9781076589674756	0.9216042219782282	0.9734962931844335	0.8836223310178615	0.9381370384730663	0.8767613177441209	0.8950322069628334	0.9619922649537895	0.9851907786767197	0.9700463059812895	0.9669795587724944	0.6412044291799706	0.9346537433724373	1.1735144140572935	0.0	1.1596551211460349	1.1706859869325468	1.073246672485024	1.1838381730626188	1.1637563404769176	0.6263551867750506	0.8361256522108095	0.7715877267664151	1.0213548200484264	1.0565437667977262	0.5559091000367333	1.0381017561729078	1.0118698038780214	1.078628437144487	1.0960155108392349	0.9881110160301494	1.1535740028278294	1.0723981443476	1.173797256769768	0.9608166942763441	1.1945861961366562	0.8342445804439307	0.5289158723275279	1.127976737348872	0.6716100207709973	1.1069049552695094	0.8440026540243066	
0.9629198151259756	0.9297842736252411	0.9614269707657231	1.0559810197812083	0.9030701557984226	0.9519918983988677	1.038593960883926	0.9413431375147051	1.045140398730088	1.0283834044720508	0.9934310332081526	1.0468992474832484	0.9980381865325829	1.0262329065453846	1.005613200141675	1.0658430639828786	0.9453391570105545	0.938980082700785	1.066431656449703	1.107905388061651	1.1183520610053628	0.9773265016855972	0.9752233969179033	0.9686675783548484	1.1613521774208828	1.1784641615256002	1.1568266940212881	1.1596551211460349	0.0	1.3894648250317017	1.2802875380164802	0.9479473508587467	1.1705445655763094	1.141977451616368	1.1745190200610611	1.0704199820062912	1.0787342098554693	1.0112249456083293	1.1288326541131195	0.9800441600977132	1.0057886855598162	1.2641015229722006	1.1735144140572935	1.2776005322479709	1.2880657126095336	1.2029300561546588	1.2469120979444694	1.1310880071860934	1.2323456982520242	1.244083670819723	1.1612107560646454	1.3205926245441202	1.158948014364848	1.2899041902406188	1.2040614270045575	
0.9586582913770386	0.9893914923883044	0.7287496209720452	1.2233097407443885	0.9560518570552587	0.9846090261785575	0.6206355847894335	0.9042292391434432	0.8413744094752738	0.923587702281704	0.8375711898323718	0.8341312553389012	0.8217722772648387	1.0333034464811226	0.7817306716807423	0.5892495178523337	0.896095544765804	0.7583783444287484	0.6796542713833125	0.5498887694430469	0.5354631711181039	0.9325724906031634	0.9015695578054387	0.885267205529891	1.0311031083262987	1.1032280000073387	1.3129558713073042	1.1706859869325468	1.3894648250317017	0.0	0.32781470375806615	1.2510133172753521	1.1489070980719975	1.3065919102766241	0.6841646654678533	1.1217842067474981	0.9207736574051444	1.36862169537092	1.230937148477743	1.3406454198147937	1.3188955682692722	0.19370515083472184	1.1527254746904054	0.4754585996698159	0.5184506919659653	0.6215468606629813	0.6221125460879307	0.8737011388341467	0.5690795374989306	0.6433257495235306	1.2429522999698241	0.26134666632654086	1.0289817879827388	0.3880602015151508	0.9642108068260401	
0.9304241334645127	0.9389392555573668	0.7530475701275287	1.1469347146070852	0.890577202381214	0.930236450978385	0.6818235188558779	0.8722983669758536	0.8813169480431181	0.9328942224222783	0.8695893498396443	0.8806573311807895	0.8541668301947805	1.0280555372003224	0.8252677090238824	0.6970655390867174	0.8876064653401139	0.771318774557547	0.7275486707992667	0.6225859126408225	0.6607253123224176	0.9476288543017557	0.9223443354336126	0.9072105099605356	0.967180655307024	1.015971023208904	1.2348912826642962	1.073246672485024	1.2802875380164802	0.32781470375806615	0.0	1.1846867012000428	1.1274110519239229	1.2122638656663227	0.7054636961498489	1.055159165716896	0.9435245409176437	1.2871096388907317	1.1257384929007566	1.2494572738508414	1.2095768598978134	0.41922283923371334	1.1385833390666722	0.5511190252567892	0.5839287799038506	0.6221125460879307	0.665528902452792	0.7960608142598506	0.6501139746229226	0.6448813844421413	1.1006824155950667	0.4319008219487172	0.951058620695968	0.5014801292174852	0.907783685687344	
0.9821859878318379	0.927935437113544	0.9113529905317828	1.0083852789590981	0.9163014680835595	0.9841077909881144	0.9834588753399749	0.9427385032650795	0.990017888646591	1.0047832409760966	0.9630075215927832	0.9969014745693537	0.9756910648420848	0.9833424413967082	0.9748295885253688	1.0098692975684267	0.9300391151049913	0.8439662181573669	1.0354993232194936	1.0553807493078216	1.0697927322613978	0.991063573892258	0.9871078708697423	0.9789903350676077	1.1578166435149495	1.1606450706396962	1.2001016290299122	1.1838381730626188	0.9479473508587467	1.2510133172753521	1.1846867012000428	0.0	1.1327850634609415	1.2002430503861494	1.1374168583183433	1.1072514502556239	1.0599061651706645	1.0550102053216415	1.1846973018799454	0.9551954124704293	1.0264362035704668	1.15752140806517	1.1698374587951228	1.182282538144008	1.1873737069685522	1.1390076031353842	1.1728073072761067	1.08936870709608	1.1166630288498856	1.1807269032253975	1.1887879205309255	1.2238604168777842	1.1534325814715922	1.199253100892488	1.1276938946363975	
0.9733502854002618	0.963406718981789	0.9425948618207207	1.0433985716186593	0.9653158313226781	0.9838285298410687	0.9685944431994574	0.9627331093428777	1.001280132602059	1.001791281810478	0.9672701534251695	1.0081942625110232	0.9710830742246624	0.9992415121467264	0.9717816384594705	0.9834112580491741	0.9588042771127173	0.9379636253537794	0.9948602679008928	1.0024538661908386	1.0191734171928555	0.9780095332188242	0.9692855400812663	0.961448181349497	1.1472100417971494	1.1696960374388854	1.2394167660638908	1.1637563404769176	1.1705445655763094	1.1489070980719975	1.1274110519239229	1.1327850634609415	0.0	1.1804440605129227	1.0742973844951995	1.0767027040495196	1.0550761427582498	1.1649461241651076	1.1465990142496	1.1201871569325876	1.1610693347084082	1.0719423969850377	1.1776156333881762	1.1172287142748347	1.1358963332981629	1.136462018723112	1.157675222158712	1.1235926753055148	1.1152488152875122	1.1235926753055148	1.1484828340032855	1.1442401933161654	1.1336335915983655	1.1358963332981629	1.1217541976744294	
0.8935104029715887	0.8137628214069017	0.9983412519611049	0.8512221035928985	0.877215307634608	0.8145154611498746	1.0150054067140017	0.851453061893836	0.987383200961673	0.9705835976651691	0.9522539306266686	1.0228684745880408	0.9289281156108569	0.9823125430429318	0.944273438855829	1.0212384522982179	0.8889954333827689	0.9790311844375313	0.9155855948058598	0.9597478105953662	1.0180307659822572	0.9935223633459351	0.9796888745432367	0.9766233740260867	0.6105159948764692	0.9803328414370961	1.1853938079812294	0.6263551867750506	1.141977451616368	1.3065919102766241	1.2122638656663227	1.2002430503861494	1.1804440605129227	0.0	0.8876715691463245	0.7406212709321497	1.0673010389933961	1.0704753373423637	0.46691276617477695	1.0449926969499723	1.0344972208759948	1.1890337009217018	1.0947427186330987	1.097005460332896	1.2641655034054242	1.1708274082887842	1.2805703807289548	1.0328001646011467	1.2900456115968562	0.90905647789348	0.4815397179880212	1.2363054962266695	0.6882977408070027	1.2174964558471042	0.9036824663564613	
0.7327327598486302	0.6989185316173729	0.6756099531410306	0.8753667284969552	0.7183504566274546	0.7079100783497106	0.6252093128724552	0.6767426814040726	0.7622700807744551	0.777846999628142	0.7233061407746603	0.7772882294160715	0.7028560555499495	0.841585443698666	0.6898847396471675	0.6502883165920699	0.7182347402652974	0.6752470071179749	0.54116526053979	0.5305949067225653	0.6014646736261039	0.7901987741029716	0.7647833322224223	0.7550040593141486	0.7632450228168746	0.9523641741627058	1.1619222209745297	0.8361256522108095	1.1745190200610611	0.6841646654678533	0.7054636961498489	1.1374168583183433	1.0742973844951995	0.8876715691463245	0.0	0.7459349031500252	0.8196171482786998	1.0922816680331924	0.7275752802487229	1.0672630442989832	1.0760046147134783	0.5943466753941828	1.0429709436113146	0.7198255316328506	0.8072466822501516	0.7939312745302957	0.8596216240572854	0.8455079944083879	0.8617275218011787	0.6569048768624877	0.7662492638468805	0.7149630493476457	0.7835201920541255	0.7439661858191455	0.8079420268785205	
0.6365406162801701	0.6275563405600366	0.7384115002245274	0.7223752289472901	0.6746696191854112	0.6433900781000574	0.75590615828329	0.6216706555926297	0.7627042845593159	0.7337311327860739	0.7087843380317045	0.7809379601538589	0.6839807473618915	0.7527748767054827	0.6959373434672018	0.7715447880603219	0.6665082738792274	0.7198011282158447	0.6728937348204453	0.7339734571160984	0.7678313433641367	0.7190781038757061	0.7088750143907763	0.6984468217501096	0.7713028114247172	0.9046706869053546	0.9946147876198809	0.7715877267664151	1.0704199820062912	1.1217842067474981	1.055159165716896	1.1072514502556239	1.0767027040495196	0.7406212709321497	0.7459349031500252	0.0	0.8177109379259097	0.9326477465366734	0.6298310691047694	0.9353735119786217	0.979557110959973	0.9719574293233109	1.0207991600538966	0.9823226628405315	1.0732653873600162	1.0442466288219407	1.08011227669433	0.9749080811495009	1.119925888106924	0.8910991536461618	0.6893334462640529	1.0923810327958476	0.8110679183574415	1.056608937970325	0.8992272977269886	
0.6215799218487106	0.6660375040546105	0.6081073802853444	0.8445651629327976	0.6871390080148241	0.7312931536952696	0.6306250315642355	0.6383373644542778	0.7092616227046702	0.6864612867087939	0.6349624389135498	0.6995985902508304	0.6348379058000485	0.7042401146795012	0.6246782872323869	0.6410454428906877	0.6532616011989173	0.6218033529531596	0.6470168250778192	0.6841355717731529	0.6710120693655741	0.6370150599223127	0.6289169161923897	0.6062474611295593	1.014803530019187	0.9987915581374004	0.9886289582968649	1.0213548200484264	1.0787342098554693	0.9207736574051444	0.9435245409176437	1.0599061651706645	1.0550761427582498	1.0673010389933961	0.8196171482786998	0.8177109379259097	0.0	0.949434601843428	0.991142329719082	0.9487933982833864	1.0180532286693205	0.7913031374217312	1.036163855288512	0.9411215241387431	0.9348816021873608	0.976411983470666	0.9364270678045412	0.9689175292689884	0.9502496649474451	0.9696447394665978	1.046214877548754	0.9443406711142918	0.9897592675135498	0.9336939955975234	1.0046618556358484	
0.8855242162731656	0.8476938195008692	0.9424643817551771	0.9461878411581163	0.8743697139486847	0.8875132568842775	1.0042682259904478	0.8980560732014498	0.9698611339847519	0.9370154658421681	0.9270167584262559	0.9642249656143332	0.9311401353749056	0.9374571063502506	0.9379930791630714	1.014350317760029	0.8788819075361467	0.9041531983749014	0.9796283255598932	1.0398931890263423	1.0595761028662414	0.9166040859750716	0.9150573763384651	0.9049780594253549	1.0851819815942338	1.082445234269379	1.0208700297332376	1.0565437667977262	1.0112249456083293	1.36862169537092	1.2871096388907317	1.0550102053216415	1.1649461241651076	1.0704753373423637	1.0922816680331924	0.9326477465366734	0.949434601843428	0.0	1.0391183221378457	0.8308780660297219	0.9257112546912666	1.2333081241840598	1.1110434169723702	1.2072048277552558	1.263538507631942	1.2374731216428638	1.2087304731158108	1.1204474108583233	1.2750775027368086	1.1945915203348985	1.069706395591265	1.3222165938276087	1.057567223622566	1.2692149907751435	1.1566075391082316	
