0.0	2.5516113374485427	2.7103799601573866	2.6263554354160488	2.4608667983061916	2.5442385901402202	2.5253766054061053	2.5478340261912877	3.4318860024849536	3.196469732012277	3.4908550136666685	3.1936778073442245	3.533473555582932	3.2392736011483056	3.5133529204883684	2.943392300621288	2.587011204142129	3.2087168340317835	5.994773873295443	5.8284994041245675	6.74592878666626	4.44265184580165	4.4755797460866305	4.418826481696961	3.6172666134202726e+17	2.906834603968922e+17	3.116728096674008e+17	8.664859850470435e+16	1.509990958000735e+17	3.4524000499001555e+17	3.27264974567548e+17	3.1030646866836365e+17	8.044263943015874e+16	8.484982836293586e+16	8.448869258561736	6.292625098112185	4.79003721624177	7.025971159376459	5.931181538291311	5.131618578735999	9.980576137546766e+16	6.428738692173336	8.719883787732883e+16	3.440672364581411e+17	3.335249965626389e+17	3.2578269671190483e+17	3.7289546099996704e+17	3.602215010062526e+17	3.9256811781994586e+17	3.794693964162461e+17	4.273258079756892e+17	3.7550277621074304e+17	3.5054750593944966e+17	3.9245449861518163e+17	3.0883066002169254e+17	
2.5516113374485427	0.0	2.0819303671989045	2.044240723740229	1.9649879980251956	1.843040515857094	1.8420835694259403	1.8778681098170011	2.9343328230705183	2.668649595583918	2.9236080320065394	2.7007964766812127	3.1545529262278786	2.7826730300806144	2.8967237651415036	2.381656019069696	1.8690502990166828	2.479541758419167	5.812058695360535	5.742856501809499	6.553606306928908	4.252063831200579	4.267601240716151	4.206639709653112	3.6172666134202726e+17	2.906834603968922e+17	3.116728096674008e+17	8.664859850470435e+16	1.509990958000735e+17	3.4524000499001555e+17	3.27264974567548e+17	3.1030646866836365e+17	8.044263943015874e+16	8.484982836293586e+16	8.24078662564407	6.02382458263008	4.520213015472825	6.756866738678764	5.703470007590579	4.974333175317601	9.980576137546766e+16	6.198281561133113	8.719883787732883e+16	3.440672364581411e+17	3.335249965626389e+17	3.2578269671190483e+17	3.7289546099996704e+17	3.602215010062526e+17	3.9256811781994586e+17	3.794693964162461e+17	4.273258079756892e+17	3.7550277621074304e+17	3.5054750593944966e+17	3.9245449861518163e+17	3.0883066002169254e+17	
2.7103799601573866	2.0819303671989045	0.0	2.2055018860584847	2.10969246904465	2.272097174265684	1.8788037029998885	1.902173508507689	2.773875238416954	2.649477783115136	2.929404507178695	2.7477457641249825	2.954212489363861	2.7313388890761243	2.7163127049036024	2.345621503095438	2.0440701172758984	2.4441206964217197	5.729313432747323	5.617540271789793	6.625035757122425	4.451910654075098	4.4449601122756155	4.39426122566479	3.6172666134202726e+17	2.906834603968922e+17	3.116728096674008e+17	8.664859850470435e+16	1.509990958000735e+17	3.4524000499001555e+17	3.27264974567548e+17	3.1030646866836365e+17	8.044263943015874e+16	8.484982836293586e+16	8.243633346362705	6.04350148027481	4.675013139186559	6.90127530187644	5.7788526153884066	5.020748110985776	9.980576137546766e+16	6.199052860786446	8.719883787732883e+16	3.440672364581411e+17	3.335249965626389e+17	3.2578269671190483e+17	3.7289546099996704e+17	3.602215010062526e+17	3.9256811781994586e+17	3.794693964162461e+17	4.273258079756892e+17	3.7550277621074304e+17	3.5054750593944966e+17	3.9245449861518163e+17	3.0883066002169254e+17	
2.6263554354160488	2.044240723740229	2.2055018860584847	0.0	2.212842191928006	2.2008068962613914	2.1262318143742536	2.08666144586266	3.137717612035569	2.8218156377658725	3.1322695645930514	2.9019693280893635	3.2251511080672848	2.825541633095625	3.1077107345076707	2.522687703651743	2.1482193287914697	2.7293768469503528	5.433605959588382	5.29407183005262	6.2670138762238174	3.6274724969333567	3.6245346039089426	3.5812662049873536	3.6172666134202726e+17	2.906834603968922e+17	3.116728096674008e+17	8.664859850470435e+16	1.509990958000735e+17	3.4524000499001555e+17	3.27264974567548e+17	3.1030646866836365e+17	8.044263943015874e+16	8.484982836293586e+16	8.100807045957295	5.6859949056925725	4.0351253058542325	6.639697116416262	5.324148540885115	4.513910597683941	9.980576137546766e+16	5.866377758852501	8.719883787732883e+16	3.440672364581411e+17	3.335249965626389e+17	3.2578269671190483e+17	3.7289546099996704e+17	3.602215010062526e+17	3.9256811781994586e+17	3.794693964162461e+17	4.273258079756892e+17	3.7550277621074304e+17	3.5054750593944966e+17	3.9245449861518163e+17	3.0883066002169254e+17	
2.4608667983061916	1.9649879980251956	2.10969246904465	2.212842191928006	0.0	1.9917418866003067	2.004967526602857	1.9469827771922916	2.7376697226489846	2.6621746680187646	2.824996414098946	2.677100489128372	3.0198985385039263	2.7355845059138466	2.732419980296767	2.26487214197297	1.953105813955953	2.492289675618742	6.166434069730515	6.171123676056505	7.067358726667202	4.387975008443949	4.415188996731762	4.388726456598481	3.6172666134202726e+17	2.906834603968922e+17	3.116728096674008e+17	8.664859850470435e+16	1.509990958000735e+17	3.4524000499001555e+17	3.27264974567548e+17	3.1030646866836365e+17	8.044263943015874e+16	8.484982836293586e+16	8.915020809332031	6.547354520593041	4.923748453651833	7.40147587072277	6.268027799877792	5.430149951721454	9.980576137546766e+16	6.770558911542032	8.719883787732883e+16	3.440672364581411e+17	3.335249965626389e+17	3.2578269671190483e+17	3.7289546099996704e+17	3.602215010062526e+17	3.9256811781994586e+17	3.794693964162461e+17	4.273258079756892e+17	3.7550277621074304e+17	3.5054750593944966e+17	3.9245449861518163e+17	3.0883066002169254e+17	
2.5442385901402202	1.843040515857094	2.272097174265684	2.2008068962613914	1.9917418866003067	0.0	1.9654516968726872	2.056476284616444	2.9716438055441268	2.778973079137686	2.9415364586161656	2.727853370001299	3.161116674142607	2.8959282214134805	3.0186681855307476	2.4608953243290244	1.8565796085747188	2.726836831949376	6.11731755872541	6.033510740960473	6.8521594455971195	4.416422218669234	4.4438612294139475	4.385686328254613	3.6172666134202726e+17	2.906834603968922e+17	3.116728096674008e+17	8.664859850470435e+16	1.509990958000735e+17	3.4524000499001555e+17	3.27264974567548e+17	3.1030646866836365e+17	8.044263943015874e+16	8.484982836293586e+16	8.590294328693073	6.418852007626704	4.824324223011997	7.170873246309593	6.047210251037732	5.309627416350394	9.980576137546766e+16	6.560344099092792	8.719883787732883e+16	3.440672364581411e+17	3.335249965626389e+17	3.2578269671190483e+17	3.7289546099996704e+17	3.602215010062526e+17	3.9256811781994586e+17	3.794693964162461e+17	4.273258079756892e+17	3.7550277621074304e+17	3.5054750593944966e+17	3.9245449861518163e+17	3.0883066002169254e+17	
2.5253766054061053	1.8420835694259403	1.8788037029998885	2.1262318143742536	2.004967526602857	1.9654516968726872	0.0	1.9076573160834953	2.831996811234326	2.6355809331205275	2.9355312640277096	2.666110903637402	3.0803463489044627	2.6703353745245	2.8266619766017804	2.331927326554393	1.7787158583435025	2.4554399809586376	5.757290144835435	5.746087305703812	6.565886433264798	4.256213854702449	4.297899966138998	4.223025737425405	3.6172666134202726e+17	2.906834603968922e+17	3.116728096674008e+17	8.664859850470435e+16	1.509990958000735e+17	3.4524000499001555e+17	3.27264974567548e+17	3.1030646866836365e+17	8.044263943015874e+16	8.484982836293586e+16	8.21625544759319	6.100109391311087	4.578700391764511	6.760686406891093	5.799436324513917	5.031414824408218	9.980576137546766e+16	6.268103374422096	8.719883787732883e+16	3.440672364581411e+17	3.335249965626389e+17	3.2578269671190483e+17	3.7289546099996704e+17	3.602215010062526e+17	3.9256811781994586e+17	3.794693964162461e+17	4.273258079756892e+17	3.7550277621074304e+17	3.5054750593944966e+17	3.9245449861518163e+17	3.0883066002169254e+17	
2.5478340261912877	1.8778681098170011	1.902173508507689	2.08666144586266	1.9469827771922916	2.056476284616444	1.9076573160834953	0.0	2.755258082889221	2.5790362325393765	2.90508405559337	2.6463376889207795	3.062291097148534	2.604086577513891	2.7509671708522783	2.3008110129984494	1.9553207799588206	2.4203604281520787	5.672699426473014	5.687095293379556	6.611988469893075	4.3058810785636	4.290021416724758	4.244097261873786	3.6172666134202726e+17	2.906834603968922e+17	3.116728096674008e+17	8.664859850470435e+16	1.509990958000735e+17	3.4524000499001555e+17	3.27264974567548e+17	3.1030646866836365e+17	8.044263943015874e+16	8.484982836293586e+16	8.30071663213984	6.099924290923522	4.5958170362236475	6.993472809120026	5.8661872537628	5.077128374979625	9.980576137546766e+16	6.284386769419258	8.719883787732883e+16	3.440672364581411e+17	3.335249965626389e+17	3.2578269671190483e+17	3.7289546099996704e+17	3.602215010062526e+17	3.9256811781994586e+17	3.794693964162461e+17	4.273258079756892e+17	3.7550277621074304e+17	3.5054750593944966e+17	3.9245449861518163e+17	3.0883066002169254e+17	
3.4318860024849536	2.9343328230705183	2.773875238416954	3.137717612035569	2.7376697226489846	2.9716438055441268	2.831996811234326	2.755258082889221	0.0	2.9654800320987587	2.8308657663964296	2.817711258794022	2.925440403830511	2.9650380023305076	2.6657048116853757	2.730246506334053	2.8230312832901157	3.004418759413335	6.4593576853242185	6.520487933884418	7.417225137618256	5.187003113836205	5.222023336314149	5.1686564870262774	3.6172666134202726e+17	2.906834603968922e+17	3.116728096674008e+17	8.664859850470435e+16	1.509990958000735e+17	3.4524000499001555e+17	3.27264974567548e+17	3.1030646866836365e+17	8.044263943015874e+16	8.484982836293586e+16	9.213282338091345	7.058703093030404	5.526131474399889	7.763483253236258	6.7833877260012505	6.002846313639475	9.980576137546766e+16	7.274432538018613	8.719883787732883e+16	3.440672364581411e+17	3.335249965626389e+17	3.2578269671190483e+17	3.7289546099996704e+17	3.602215010062526e+17	3.9256811781994586e+17	3.794693964162461e+17	4.273258079756892e+17	3.7550277621074304e+17	3.5054750593944966e+17	3.9245449861518163e+17	3.0883066002169254e+17	
3.196469732012277	2.668649595583918	2.649477783115136	2.8218156377658725	2.6621746680187646	2.778973079137686	2.6355809331205275	2.5790362325393765	2.9654800320987587	0.0	3.2520984794813996	2.7192489240024376	3.3825148074964644	2.2676707394681666	3.0864771820030428	2.6424117697707032	2.675986693890433	2.9909042629151346	5.930825168529596	6.001078964516843	6.846903653599194	4.466231848971904	4.453730651610202	4.424020938684135	3.6172666134202726e+17	2.906834603968922e+17	3.116728096674008e+17	8.664859850470435e+16	1.509990958000735e+17	3.4524000499001555e+17	3.27264974567548e+17	3.1030646866836365e+17	8.044263943015874e+16	8.484982836293586e+16	8.61560235481699	6.382700850235213	4.8775784661517525	7.255811723354408	6.2035357403766325	5.368128704607139	9.980576137546766e+16	6.606686006737733	8.719883787732883e+16	3.440672364581411e+17	3.335249965626389e+17	3.2578269671190483e+17	3.7289546099996704e+17	3.602215010062526e+17	3.9256811781994586e+17	3.794693964162461e+17	4.273258079756892e+17	3.7550277621074304e+17	3.5054750593944966e+17	3.9245449861518163e+17	3.0883066002169254e+17	
3.4908550136666685	2.9236080320065394	2.929404507178695	3.1322695645930514	2.824996414098946	2.9415364586161656	2.9355312640277096	2.90508405559337	2.8308657663964296	3.2520984794813996	0.0	3.1397362016508574	2.494217562178234	3.3322254848105564	2.50263681705162	2.718568915284774	2.869878087508586	2.8846169379106374	6.600503837029879	6.532404972777632	7.315560733158045	5.303540334773558	5.353086344090655	5.297284354795017	3.6172666134202726e+17	2.906834603968922e+17	3.116728096674008e+17	8.664859850470435e+16	1.509990958000735e+17	3.4524000499001555e+17	3.27264974567548e+17	3.1030646866836365e+17	8.044263943015874e+16	8.484982836293586e+16	9.144674512939106	7.116359718293803	5.5321537883501035	7.653298133368269	6.619752307619637	5.968571064812215	9.980576137546766e+16	7.245195978899676	8.719883787732883e+16	3.440672364581411e+17	3.335249965626389e+17	3.2578269671190483e+17	3.7289546099996704e+17	3.602215010062526e+17	3.9256811781994586e+17	3.794693964162461e+17	4.273258079756892e+17	3.7550277621074304e+17	3.5054750593944966e+17	3.9245449861518163e+17	3.0883066002169254e+17	
3.1936778073442245	2.7007964766812127	2.7477457641249825	2.9019693280893635	2.677100489128372	2.727853370001299	2.666110903637402	2.6463376889207795	2.817711258794022	2.7192489240024376	3.1397362016508574	0.0	3.359063990438993	2.7434807136770583	3.062976314082769	2.610877396775968	2.690421976816771	3.0224848555154846	6.2307584388777135	6.239382108627707	7.117012714549849	4.843939392434895	4.841248885780621	4.782344130366728	3.6172666134202726e+17	2.906834603968922e+17	3.116728096674008e+17	8.664859850470435e+16	1.509990958000735e+17	3.4524000499001555e+17	3.27264974567548e+17	3.1030646866836365e+17	8.044263943015874e+16	8.484982836293586e+16	8.778557254958956	6.626903478711211	5.085169719031213	7.294478462479658	6.3880330547915385	5.5834680090676025	9.980576137546766e+16	6.850178267624997	8.719883787732883e+16	3.440672364581411e+17	3.335249965626389e+17	3.2578269671190483e+17	3.7289546099996704e+17	3.602215010062526e+17	3.9256811781994586e+17	3.794693964162461e+17	4.273258079756892e+17	3.7550277621074304e+17	3.5054750593944966e+17	3.9245449861518163e+17	3.0883066002169254e+17	
3.533473555582932	3.1545529262278786	2.954212489363861	3.2251511080672848	3.0198985385039263	3.161116674142607	3.0803463489044627	3.062291097148534	2.925440403830511	3.3825148074964644	2.494217562178234	3.359063990438993	0.0	3.4511898492791944	2.5295228159788903	2.849008830550557	3.031718491196081	3.0574855407567747	6.570798802931252	6.385548840089115	7.34002830738978	5.426177927542123	5.484652219397145	5.436080913262624	3.6172666134202726e+17	2.906834603968922e+17	3.116728096674008e+17	8.664859850470435e+16	1.509990958000735e+17	3.4524000499001555e+17	3.27264974567548e+17	3.1030646866836365e+17	8.044263943015874e+16	8.484982836293586e+16	9.062790349351598	7.132639937112435	5.635166115853908	7.761192207873642	6.641087419132945	5.904321697912657	9.980576137546766e+16	7.218049474076462	8.719883787732883e+16	3.440672364581411e+17	3.335249965626389e+17	3.2578269671190483e+17	3.7289546099996704e+17	3.602215010062526e+17	3.9256811781994586e+17	3.794693964162461e+17	4.273258079756892e+17	3.7550277621074304e+17	3.5054750593944966e+17	3.9245449861518163e+17	3.0883066002169254e+17	
3.2392736011483056	2.7826730300806144	2.7313388890761243	2.825541633095625	2.7355845059138466	2.8959282214134805	2.6703353745245	2.604086577513891	2.9650380023305076	2.2676707394681666	3.3322254848105564	2.7434807136770583	3.4511898492791944	0.0	3.091590405746873	2.7019808453933796	2.709077351118192	3.0526408274801735	5.707758282220561	5.893178069660835	6.770796509984607	4.228095950561436	4.216881254866239	4.168234596467286	3.6172666134202726e+17	2.906834603968922e+17	3.116728096674008e+17	8.664859850470435e+16	1.509990958000735e+17	3.4524000499001555e+17	3.27264974567548e+17	3.1030646866836365e+17	8.044263943015874e+16	8.484982836293586e+16	8.613254103538168	6.345656548502061	4.696379330331623	7.2352744562187175	6.21593651278931	5.322501699092893	9.980576137546766e+16	6.607210628350805	8.719883787732883e+16	3.440672364581411e+17	3.335249965626389e+17	3.2578269671190483e+17	3.7289546099996704e+17	3.602215010062526e+17	3.9256811781994586e+17	3.794693964162461e+17	4.273258079756892e+17	3.7550277621074304e+17	3.5054750593944966e+17	3.9245449861518163e+17	3.0883066002169254e+17	
3.5133529204883684	2.8967237651415036	2.7163127049036024	3.1077107345076707	2.732419980296767	3.0186681855307476	2.8266619766017804	2.7509671708522783	2.6657048116853757	3.0864771820030428	2.50263681705162	3.062976314082769	2.5295228159788903	3.091590405746873	0.0	2.5109505117633564	2.779987305747876	2.6712390610279995	6.273727957610766	6.36842771832062	7.333547197815904	5.266764381541881	5.285885575788051	5.274941422458018	3.6172666134202726e+17	2.906834603968922e+17	3.116728096674008e+17	8.664859850470435e+16	1.509990958000735e+17	3.4524000499001555e+17	3.27264974567548e+17	3.1030646866836365e+17	8.044263943015874e+16	8.484982836293586e+16	9.037344152718793	6.902509159819213	5.483780388298298	7.6750890011218145	6.697004348001829	5.906084084523947	9.980576137546766e+16	7.122840614555646	8.719883787732883e+16	3.440672364581411e+17	3.335249965626389e+17	3.2578269671190483e+17	3.7289546099996704e+17	3.602215010062526e+17	3.9256811781994586e+17	3.794693964162461e+17	4.273258079756892e+17	3.7550277621074304e+17	3.5054750593944966e+17	3.9245449861518163e+17	3.0883066002169254e+17	
2.943392300621288	2.381656019069696	2.345621503095438	2.522687703651743	2.26487214197297	2.4608953243290244	2.331927326554393	2.3008110129984494	2.730246506334053	2.6424117697707032	2.718568915284774	2.610877396775968	2.849008830550557	2.7019808453933796	2.5109505117633564	0.0	2.3144716771632434	2.4526709254856005	5.92685389014057	5.952734055010479	6.824881430622775	4.491837577187888	4.491134206511494	4.484279927297198	3.6172666134202726e+17	2.906834603968922e+17	3.116728096674008e+17	8.664859850470435e+16	1.509990958000735e+17	3.4524000499001555e+17	3.27264974567548e+17	3.1030646866836365e+17	8.044263943015874e+16	8.484982836293586e+16	8.640742073188793	6.322068600916607	4.924934177123622	7.264062867794999	6.104091471882486	5.315062240552438	9.980576137546766e+16	6.5375732658389465	8.719883787732883e+16	3.440672364581411e+17	3.335249965626389e+17	3.2578269671190483e+17	3.7289546099996704e+17	3.602215010062526e+17	3.9256811781994586e+17	3.794693964162461e+17	4.273258079756892e+17	3.7550277621074304e+17	3.5054750593944966e+17	3.9245449861518163e+17	3.0883066002169254e+17	
2.587011204142129	1.8690502990166828	2.0440701172758984	2.1482193287914697	1.953105813955953	1.8565796085747188	1.7787158583435025	1.9553207799588206	2.8230312832901157	2.675986693890433	2.869878087508586	2.690421976816771	3.031718491196081	2.709077351118192	2.779987305747876	2.3144716771632434	0.0	2.5176651653983457	5.910671761847061	5.8857474628629065	6.721513679457532	4.281101616347839	4.320085558243993	4.269252999964627	3.6172666134202726e+17	2.906834603968922e+17	3.116728096674008e+17	8.664859850470435e+16	1.509990958000735e+17	3.4524000499001555e+17	3.27264974567548e+17	3.1030646866836365e+17	8.044263943015874e+16	8.484982836293586e+16	8.414568566136168	6.2846557882199585	4.724735997910412	7.012661295936017	6.002804471251452	5.189113338358737	9.980576137546766e+16	6.435026189255491	8.719883787732883e+16	3.440672364581411e+17	3.335249965626389e+17	3.2578269671190483e+17	3.7289546099996704e+17	3.602215010062526e+17	3.9256811781994586e+17	3.794693964162461e+17	4.273258079756892e+17	3.7550277621074304e+17	3.5054750593944966e+17	3.9245449861518163e+17	3.0883066002169254e+17	
3.2087168340317835	2.479541758419167	2.4441206964217197	2.7293768469503528	2.492289675618742	2.726836831949376	2.4554399809586376	2.4203604281520787	3.004418759413335	2.9909042629151346	2.8846169379106374	3.0224848555154846	3.0574855407567747	3.0526408274801735	2.6712390610279995	2.4526709254856005	2.5176651653983457	0.0	5.996344636303912	5.923440759391177	6.927728446680667	4.91192639989006	4.899078943243286	4.896158008836507	3.6172666134202726e+17	2.906834603968922e+17	3.116728096674008e+17	8.664859850470435e+16	1.509990958000735e+17	3.4524000499001555e+17	3.27264974567548e+17	3.1030646866836365e+17	8.044263943015874e+16	8.484982836293586e+16	8.551512007637704	6.2547285758201925	4.988398896341846	6.93572526753713	6.1152824474293945	5.371077230893985	9.980576137546766e+16	6.463005366130035	8.719883787732883e+16	3.440672364581411e+17	3.335249965626389e+17	3.2578269671190483e+17	3.7289546099996704e+17	3.602215010062526e+17	3.9256811781994586e+17	3.794693964162461e+17	4.273258079756892e+17	3.7550277621074304e+17	3.5054750593944966e+17	3.9245449861518163e+17	3.0883066002169254e+17	
5.994773873295443	5.812058695360535	5.729313432747323	5.433605959588382	6.166434069730515	6.11731755872541	5.757290144835435	5.672699426473014	6.4593576853242185	5.930825168529596	6.600503837029879	6.2307584388777135	6.570798802931252	5.707758282220561	6.273727957610766	5.92685389014057	5.910671761847061	5.996344636303912	0.0	4.112409782170566	4.450695259078246	4.737634117018866	4.723336389263398	4.637138798216845	3.6172666134202726e+17	2.906834603968922e+17	3.116728096674008e+17	8.664859850470435e+16	1.509990958000735e+17	3.4524000499001555e+17	3.27264974567548e+17	3.1030646866836365e+17	8.044263943015874e+16	8.484982836293586e+16	5.738067640858762	4.736030896285878	4.129152428128021	5.836873969305818	4.709780812119409	4.422121685652786	9.980576137546766e+16	4.891975906810806	8.719883787732883e+16	3.440672364581411e+17	3.335249965626389e+17	3.2578269671190483e+17	3.7289546099996704e+17	3.602215010062526e+17	3.9256811781994586e+17	3.794693964162461e+17	4.273258079756892e+17	3.7550277621074304e+17	3.5054750593944966e+17	3.9245449861518163e+17	3.0883066002169254e+17	
5.8284994041245675	5.742856501809499	5.617540271789793	5.29407183005262	6.171123676056505	6.033510740960473	5.746087305703812	5.687095293379556	6.520487933884418	6.001078964516843	6.532404972777632	6.239382108627707	6.385548840089115	5.893178069660835	6.36842771832062	5.952734055010479	5.8857474628629065	5.923440759391177	4.112409782170566	0.0	4.764347004203539	5.088752887320663	5.005922135790276	4.952942463706634	3.6172666134202726e+17	2.906834603968922e+17	3.116728096674008e+17	8.664859850470435e+16	1.509990958000735e+17	3.4524000499001555e+17	3.27264974567548e+17	3.1030646866836365e+17	8.044263943015874e+16	8.484982836293586e+16	5.547446707417625	4.2366753363097525	4.077406880492337	5.255582245283293	4.084769741888559	3.7894335021430865	9.980576137546766e+16	3.5412804462271428	8.719883787732883e+16	3.440672364581411e+17	3.335249965626389e+17	3.2578269671190483e+17	3.7289546099996704e+17	3.602215010062526e+17	3.9256811781994586e+17	3.794693964162461e+17	4.273258079756892e+17	3.7550277621074304e+17	3.5054750593944966e+17	3.9245449861518163e+17	3.0883066002169254e+17	
6.74592878666626	6.553606306928908	6.625035757122425	6.2670138762238174	7.067358726667202	6.8521594455971195	6.565886433264798	6.611988469893075	7.417225137618256	6.846903653599194	7.315560733158045	7.117012714549849	7.34002830738978	6.770796509984607	7.333547197815904	6.824881430622775	6.721513679457532	6.927728446680667	4.450695259078246	4.764347004203539	0.0	5.516683816391615	5.569966689870166	5.415642943688854	3.6172666134202726e+17	2.906834603968922e+17	3.116728096674008e+17	8.664859850470435e+16	1.509990958000735e+17	3.4524000499001555e+17	3.27264974567548e+17	3.1030646866836365e+17	8.044263943015874e+16	8.484982836293586e+16	5.5410377242089055	5.184751083947419	4.906122875280521	5.631269679043953	4.581315778253485	4.927354108336383	9.980576137546766e+16	4.938995372582612	8.719883787732883e+16	3.440672364581411e+17	3.335249965626389e+17	3.2578269671190483e+17	3.7289546099996704e+17	3.602215010062526e+17	3.9256811781994586e+17	3.794693964162461e+17	4.273258079756892e+17	3.7550277621074304e+17	3.5054750593944966e+17	3.9245449861518163e+17	3.0883066002169254e+17	
4.44265184580165	4.252063831200579	4.451910654075098	3.6274724969333567	4.387975008443949	4.416422218669234	4.256213854702449	4.3058810785636	5.187003113836205	4.466231848971904	5.303540334773558	4.843939392434895	5.426177927542123	4.228095950561436	5.266764381541881	4.491837577187888	4.281101616347839	4.91192639989006	4.737634117018866	5.088752887320663	5.516683816391615	0.0	0.556849796166976	0.5787682257479767	3.6172666134202726e+17	2.906834603968922e+17	3.116728096674008e+17	8.664859850470435e+16	1.509990958000735e+17	3.4524000499001555e+17	3.27264974567548e+17	3.1030646866836365e+17	8.044263943015874e+16	8.484982836293586e+16	7.861237314965353	5.31944067434582	3.370091871196268	6.8537533808609385	5.105730328233873	4.1168396894417025	9.980576137546766e+16	5.585546985907473	8.719883787732883e+16	3.440672364581411e+17	3.335249965626389e+17	3.2578269671190483e+17	3.7289546099996704e+17	3.602215010062526e+17	3.9256811781994586e+17	3.794693964162461e+17	4.273258079756892e+17	3.7550277621074304e+17	3.5054750593944966e+17	3.9245449861518163e+17	3.0883066002169254e+17	
4.4755797460866305	4.267601240716151	4.4449601122756155	3.6245346039089426	4.415188996731762	4.4438612294139475	4.297899966138998	4.290021416724758	5.222023336314149	4.453730651610202	5.353086344090655	4.841248885780621	5.484652219397145	4.216881254866239	5.285885575788051	4.491134206511494	4.320085558243993	4.899078943243286	4.723336389263398	5.005922135790276	5.569966689870166	0.556849796166976	0.0	0.5611213008678536	3.6172666134202726e+17	2.906834603968922e+17	3.116728096674008e+17	8.664859850470435e+16	1.509990958000735e+17	3.4524000499001555e+17	3.27264974567548e+17	3.1030646866836365e+17	8.044263943015874e+16	8.484982836293586e+16	7.834072954656228	5.128728154235533	3.3141394151811183	6.826784070829107	5.066036597084018	4.056345612790001	9.980576137546766e+16	5.432393941037862	8.719883787732883e+16	3.440672364581411e+17	3.335249965626389e+17	3.2578269671190483e+17	3.7289546099996704e+17	3.602215010062526e+17	3.9256811781994586e+17	3.794693964162461e+17	4.273258079756892e+17	3.7550277621074304e+17	3.5054750593944966e+17	3.9245449861518163e+17	3.0883066002169254e+17	
4.418826481696961	4.206639709653112	4.39426122566479	3.5812662049873536	4.388726456598481	4.385686328254613	4.223025737425405	4.244097261873786	5.1686564870262774	4.424020938684135	5.297284354795017	4.782344130366728	5.436080913262624	4.168234596467286	5.274941422458018	4.484279927297198	4.269252999964627	4.896158008836507	4.637138798216845	4.952942463706634	5.415642943688854	0.5787682257479767	0.5611213008678536	0.0	3.6172666134202726e+17	2.906834603968922e+17	3.116728096674008e+17	8.664859850470435e+16	1.509990958000735e+17	3.4524000499001555e+17	3.27264974567548e+17	3.1030646866836365e+17	8.044263943015874e+16	8.484982836293586e+16	7.684532092581114	5.133581918546494	3.1430870915285625	6.653100964252107	4.898607535680738	3.960049058910454	9.980576137546766e+16	5.415912048203926	8.719883787732883e+16	3.440672364581411e+17	3.335249965626389e+17	3.2578269671190483e+17	3.7289546099996704e+17	3.602215010062526e+17	3.9256811781994586e+17	3.794693964162461e+17	4.273258079756892e+17	3.7550277621074304e+17	3.5054750593944966e+17	3.9245449861518163e+17	3.0883066002169254e+17	
3.6172666134202726e+17	3.6172666134202726e+17	3.6172666134202726e+17	3.6172666134202726e+17	3.6172666134202726e+17	3.6172666134202726e+17	3.6172666134202726e+17	3.6172666134202726e+17	3.6172666134202726e+17	3.6172666134202726e+17	3.6172666134202726e+17	3.6172666134202726e+17	3.6172666134202726e+17	3.6172666134202726e+17	3.6172666134202726e+17	3.6172666134202726e+17	3.6172666134202726e+17	3.6172666134202726e+17	3.6172666134202726e+17	3.6172666134202726e+17	3.6172666134202726e+17	3.6172666134202726e+17	3.6172666134202726e+17	3.6172666134202726e+17	0.0	2.91712977932316e+17	3.592657685578841e+17	3.386124915747394e+17	3.518223611417526e+17	2.7714608847704666e+17	2.8208295294149024e+17	2.952727695365807e+17	3.453465623647496e+17	3.395570267982315e+17	3.6172666134202726e+17	3.6172666134202726e+17	3.6172666134202726e+17	3.6172666134202726e+17	3.6172666134202726e+17	3.6172666134202726e+17	3.3052541335185824e+17	3.6172666134202726e+17	3.35900284751474e+17	2.780664120603622e+17	2.8215381126010205e+17	2.8327174056336237e+17	3.4256625948260986e+17	2.3843803156445747e+17	3.707167470166624e+17	2.7898393611457136e+17	2.747621806843666e+17	2.806376774596644e+17	2.6065932919262083e+17	3.0151657114197594e+17	2.6189588736131507e+17	
2.906834603968922e+17	2.906834603968922e+17	2.906834603968922e+17	2.906834603968922e+17	2.906834603968922e+17	2.906834603968922e+17	2.906834603968922e+17	2.906834603968922e+17	2.906834603968922e+17	2.906834603968922e+17	2.906834603968922e+17	2.906834603968922e+17	2.906834603968922e+17	2.906834603968922e+17	2.906834603968922e+17	2.906834603968922e+17	2.906834603968922e+17	2.906834603968922e+17	2.906834603968922e+17	2.906834603968922e+17	2.906834603968922e+17	2.906834603968922e+17	2.906834603968922e+17	2.906834603968922e+17	2.91712977932316e+17	0.0	2.539189684839503e+17	2.6981463786064864e+17	2.8700744514040726e+17	2.3943271236036554e+17	2.2220378924437677e+17	2.604365417017222e+17	2.812334971430992e+17	2.6739837168911814e+17	2.906834603968922e+17	2.906834603968922e+17	2.906834603968922e+17	2.906834603968922e+17	2.906834603968922e+17	2.906834603968922e+17	2.763080481056035e+17	2.906834603968922e+17	2.711641075169527e+17	2.2626249794265658e+17	2.1017575951151872e+17	2.151337454131966e+17	2.6257102649407034e+17	2.6033482035320262e+17	2.6950764058801875e+17	2.4394644398915213e+17	2.7319904545332893e+17	2.4518786076114614e+17	2.1805938659212912e+17	2.5494373109673382e+17	2.1243953121547453e+17	
3.116728096674008e+17	3.116728096674008e+17	3.116728096674008e+17	3.116728096674008e+17	3.116728096674008e+17	3.116728096674008e+17	3.116728096674008e+17	3.116728096674008e+17	3.116728096674008e+17	3.116728096674008e+17	3.116728096674008e+17	3.116728096674008e+17	3.116728096674008e+17	3.116728096674008e+17	3.116728096674008e+17	3.116728096674008e+17	3.116728096674008e+17	3.116728096674008e+17	3.116728096674008e+17	3.116728096674008e+17	3.116728096674008e+17	3.116728096674008e+17	3.116728096674008e+17	3.116728096674008e+17	3.592657685578841e+17	2.539189684839503e+17	0.0	2.8407548766487696e+17	2.9026333931329536e+17	3.122328596120854e+17	2.9503317417313606e+17	2.9217804321308365e+17	2.8535183377856934e+17	2.840014657197485e+17	3.116728096674008e+17	3.116728096674008e+17	3.116728096674008e+17	3.116728096674008e+17	3.116728096674008e+17	3.116728096674008e+17	2.939519940485066e+17	3.116728096674008e+17	2.786898754006308e+17	2.689144367862692e+17	2.4480313198156006e+17	2.7359604337293062e+17	3.1995914465299674e+17	3.181362655335273e+17	3.002982307066293e+17	3.0187779038691424e+17	3.855358731704647e+17	3.0530951238750054e+17	2.6131361122435107e+17	3.242969567971929e+17	2.4722911726047014e+17	
8.664859850470435e+16	8.664859850470435e+16	8.664859850470435e+16	8.664859850470435e+16	8.664859850470435e+16	8.664859850470435e+16	8.664859850470435e+16	8.664859850470435e+16	8.664859850470435e+16	8.664859850470435e+16	8.664859850470435e+16	8.664859850470435e+16	8.664859850470435e+16	8.664859850470435e+16	8.664859850470435e+16	8.664859850470435e+16	8.664859850470435e+16	8.664859850470435e+16	8.664859850470435e+16	8.664859850470435e+16	8.664859850470435e+16	8.664859850470435e+16	8.664859850470435e+16	8.664859850470435e+16	3.386124915747394e+17	2.6981463786064864e+17	2.8407548766487696e+17	0.0	1.3433431211030078e+17	3.2478952867930144e+17	3.0065454673165376e+17	2.7518808770379504e+17	8.586415451399795e+16	9.320189435769614e+16	8.664859850470435e+16	8.664859850470435e+16	8.664859850470435e+16	8.664859850470435e+16	8.664859850470435e+16	8.664859850470435e+16	1.026961044924655e+17	8.664859850470435e+16	9.193835425788438e+16	3.175618174842735e+17	3.0787196855987725e+17	2.949507401373229e+17	3.4984096391165395e+17	3.3188028267875245e+17	3.686434815084149e+17	3.495115699769367e+17	4.048884488892064e+17	3.517189182417422e+17	3.253805228948968e+17	3.6789946252354714e+17	2.839260894180502e+17	
1.509990958000735e+17	1.509990958000735e+17	1.509990958000735e+17	1.509990958000735e+17	1.509990958000735e+17	1.509990958000735e+17	1.509990958000735e+17	1.509990958000735e+17	1.509990958000735e+17	1.509990958000735e+17	1.509990958000735e+17	1.509990958000735e+17	1.509990958000735e+17	1.509990958000735e+17	1.509990958000735e+17	1.509990958000735e+17	1.509990958000735e+17	1.509990958000735e+17	1.509990958000735e+17	1.509990958000735e+17	1.509990958000735e+17	1.509990958000735e+17	1.509990958000735e+17	1.509990958000735e+17	3.518223611417526e+17	2.8700744514040726e+17	2.9026333931329536e+17	1.3433431211030078e+17	0.0	3.653579994081162e+17	3.339336215674267e+17	2.7180271267868474e+17	1.2183056946349038e+17	1.4386621425138056e+17	1.509990958000735e+17	1.509990958000735e+17	1.509990958000735e+17	1.509990958000735e+17	1.509990958000735e+17	1.509990958000735e+17	1.4397410402038584e+17	1.509990958000735e+17	1.2365791832179925e+17	3.515644135323378e+17	3.317993902831101e+17	3.2296709139485306e+17	3.9234908407794355e+17	3.5311895187117997e+17	4.0829728871989466e+17	3.875291678154281e+17	4.309096023362482e+17	3.868527547080483e+17	3.3465768473440294e+17	4.0202641448924896e+17	3.1092544494217376e+17	
3.4524000499001555e+17	3.4524000499001555e+17	3.4524000499001555e+17	3.4524000499001555e+17	3.4524000499001555e+17	3.4524000499001555e+17	3.4524000499001555e+17	3.4524000499001555e+17	3.4524000499001555e+17	3.4524000499001555e+17	3.4524000499001555e+17	3.4524000499001555e+17	3.4524000499001555e+17	3.4524000499001555e+17	3.4524000499001555e+17	3.4524000499001555e+17	3.4524000499001555e+17	3.4524000499001555e+17	3.4524000499001555e+17	3.4524000499001555e+17	3.4524000499001555e+17	3.4524000499001555e+17	3.4524000499001555e+17	3.4524000499001555e+17	2.7714608847704666e+17	2.3943271236036554e+17	3.122328596120854e+17	3.2478952867930144e+17	3.653579994081162e+17	0.0	2.118609330787962e+17	3.03098518957918e+17	3.397860787844386e+17	3.274120024806301e+17	3.4524000499001555e+17	3.4524000499001555e+17	3.4524000499001555e+17	3.4524000499001555e+17	3.4524000499001555e+17	3.4524000499001555e+17	3.370019079195552e+17	3.4524000499001555e+17	3.357891024867186e+17	2.059008366998432e+17	2.3579242038512102e+17	2.1886675075727946e+17	2.3240955580140714e+17	2.458945718206116e+17	2.4376634040326544e+17	2.1585856644743098e+17	2.5624318275661872e+17	2.0982079409095795e+17	2.397162252546508e+17	1.904977766949481e+17	2.0454272490027354e+17	
3.27264974567548e+17	3.27264974567548e+17	3.27264974567548e+17	3.27264974567548e+17	3.27264974567548e+17	3.27264974567548e+17	3.27264974567548e+17	3.27264974567548e+17	3.27264974567548e+17	3.27264974567548e+17	3.27264974567548e+17	3.27264974567548e+17	3.27264974567548e+17	3.27264974567548e+17	3.27264974567548e+17	3.27264974567548e+17	3.27264974567548e+17	3.27264974567548e+17	3.27264974567548e+17	3.27264974567548e+17	3.27264974567548e+17	3.27264974567548e+17	3.27264974567548e+17	3.27264974567548e+17	2.8208295294149024e+17	2.2220378924437677e+17	2.9503317417313606e+17	3.0065454673165376e+17	3.339336215674267e+17	2.118609330787962e+17	0.0	2.633869987557048e+17	3.176527705351349e+17	3.030897379703031e+17	3.27264974567548e+17	3.27264974567548e+17	3.27264974567548e+17	3.27264974567548e+17	3.27264974567548e+17	3.27264974567548e+17	3.1416567595978797e+17	3.27264974567548e+17	3.124080958105896e+17	2.0424455088633904e+17	2.1396300837597043e+17	1.8955924336064746e+17	2.3898214128865603e+17	2.6166606985782112e+17	2.291118526240168e+17	2.0478307046469587e+17	2.579719228715134e+17	2.4330970408596563e+17	2.2782364829663744e+17	1.999006039766671e+17	2.0249072895337e+17	
3.1030646866836365e+17	3.1030646866836365e+17	3.1030646866836365e+17	3.1030646866836365e+17	3.1030646866836365e+17	3.1030646866836365e+17	3.1030646866836365e+17	3.1030646866836365e+17	3.1030646866836365e+17	3.1030646866836365e+17	3.1030646866836365e+17	3.1030646866836365e+17	3.1030646866836365e+17	3.1030646866836365e+17	3.1030646866836365e+17	3.1030646866836365e+17	3.1030646866836365e+17	3.1030646866836365e+17	3.1030646866836365e+17	3.1030646866836365e+17	3.1030646866836365e+17	3.1030646866836365e+17	3.1030646866836365e+17	3.1030646866836365e+17	2.952727695365807e+17	2.604365417017222e+17	2.9217804321308365e+17	2.7518808770379504e+17	2.7180271267868474e+17	3.03098518957918e+17	2.633869987557048e+17	0.0	2.808050542895517e+17	2.8139503335157635e+17	3.1030646866836365e+17	3.1030646866836365e+17	3.1030646866836365e+17	3.1030646866836365e+17	3.1030646866836365e+17	3.1030646866836365e+17	2.8537383372100662e+17	3.1030646866836365e+17	2.6848295742331165e+17	2.872746149973292e+17	2.7271924634033325e+17	2.637973116220776e+17	3.303082954714234e+17	3.027875589780761e+17	3.339542042391227e+17	3.0732232000769005e+17	3.532843547485234e+17	3.2860579943598906e+17	2.6530858536441338e+17	3.176397961929259e+17	2.5855563655480627e+17	
8.044263943015874e+16	8.044263943015874e+16	8.044263943015874e+16	8.044263943015874e+16	8.044263943015874e+16	8.044263943015874e+16	8.044263943015874e+16	8.044263943015874e+16	8.044263943015874e+16	8.044263943015874e+16	8.044263943015874e+16	8.044263943015874e+16	8.044263943015874e+16	8.044263943015874e+16	8.044263943015874e+16	8.044263943015874e+16	8.044263943015874e+16	8.044263943015874e+16	8.044263943015874e+16	8.044263943015874e+16	8.044263943015874e+16	8.044263943015874e+16	8.044263943015874e+16	8.044263943015874e+16	3.453465623647496e+17	2.812334971430992e+17	2.8535183377856934e+17	8.586415451399795e+16	1.2183056946349038e+17	3.397860787844386e+17	3.176527705351349e+17	2.808050542895517e+17	0.0	9.419341111055395e+16	8.044263943015874e+16	8.044263943015874e+16	8.044263943015874e+16	8.044263943015874e+16	8.044263943015874e+16	8.044263943015874e+16	9.447681831487768e+16	8.044263943015874e+16	7.632255632618773e+16	3.3114699281054605e+17	3.162680051824597e+17	3.111106972475914e+17	3.677660514305076e+17	3.444112942009585e+17	3.8504352475057094e+17	3.694708880442775e+17	4.215909726615063e+17	3.6669677596734125e+17	3.2901209100493805e+17	3.824960902140671e+17	2.931019983665073e+17	
8.484982836293586e+16	8.484982836293586e+16	8.484982836293586e+16	8.484982836293586e+16	8.484982836293586e+16	8.484982836293586e+16	8.484982836293586e+16	8.484982836293586e+16	8.484982836293586e+16	8.484982836293586e+16	8.484982836293586e+16	8.484982836293586e+16	8.484982836293586e+16	8.484982836293586e+16	8.484982836293586e+16	8.484982836293586e+16	8.484982836293586e+16	8.484982836293586e+16	8.484982836293586e+16	8.484982836293586e+16	8.484982836293586e+16	8.484982836293586e+16	8.484982836293586e+16	8.484982836293586e+16	3.395570267982315e+17	2.6739837168911814e+17	2.840014657197485e+17	9.320189435769614e+16	1.4386621425138056e+17	3.274120024806301e+17	3.030897379703031e+17	2.8139503335157635e+17	9.419341111055395e+16	0.0	8.484982836293586e+16	8.484982836293586e+16	8.484982836293586e+16	8.484982836293586e+16	8.484982836293586e+16	8.484982836293586e+16	1.0520609939502266e+17	8.484982836293586e+16	9.97037827765847e+16	3.173390936226725e+17	3.054734176332879e+17	3.010185319572794e+17	3.512829509884994e+17	3.29306117105943e+17	3.6736825002017274e+17	3.514520713849505e+17	4.0230391472134995e+17	3.561454178936425e+17	3.228297844543412e+17	3.6932741461202963e+17	2.8523305379919053e+17	
8.448869258561736	8.24078662564407	8.243633346362705	8.100807045957295	8.915020809332031	8.590294328693073	8.21625544759319	8.30071663213984	9.213282338091345	8.61560235481699	9.144674512939106	8.778557254958956	9.062790349351598	8.613254103538168	9.037344152718793	8.640742073188793	8.414568566136168	8.551512007637704	5.738067640858762	5.547446707417625	5.5410377242089055	7.861237314965353	7.834072954656228	7.684532092581114	3.6172666134202726e+17	2.906834603968922e+17	3.116728096674008e+17	8.664859850470435e+16	1.509990958000735e+17	3.4524000499001555e+17	3.27264974567548e+17	3.1030646866836365e+17	8.044263943015874e+16	8.484982836293586e+16	0.0	5.731173000093216	6.485117573844923	5.399477931966545	5.587888600602547	5.879955823465692	9.980576137546766e+16	5.273980391810846	8.719883787732883e+16	3.440672364581411e+17	3.335249965626389e+17	3.2578269671190483e+17	3.7289546099996704e+17	3.602215010062526e+17	3.9256811781994586e+17	3.794693964162461e+17	4.273258079756892e+17	3.7550277621074304e+17	3.5054750593944966e+17	3.9245449861518163e+17	3.0883066002169254e+17	
