0.0	2.996923379800772	2.941856509645873	2.9725995501442815	2.8853601690661543	3.0246730846677807	2.879055053639778	2.738588715504117	5.450485474563706	4.857239513657341	4.080345416306715	4.903245997314825	4.025615474265716	4.913801477989797	4.189890836679996	3.878407421714187	3.081168578329806	3.2477524262396704	5.009530769086867	5.621600981022002	6.0845069170323525	6.070706282770441	3.530463403579892	3.4176646444772896	3.751737044816761e+17	3.0571086577729683e+17	3.3615397127426426e+17	1.2795984167310627e+17	1.6056173188736253e+17	4.2114327612856506e+17	3.259977603987931e+17	3.3366983020076186e+17	1.1240063242269656e+17	3.149435169783399e+17	10.987146758773067	8.611049885513548	8.22302450489681	39.43346344101254	15.240497581752184	23.619772916233345	1.2653423314240608e+17	5.897989481158198	1.1420541874805357e+17	3.461043689959978e+17	3.46987700475215e+17	3.304737357742132e+17	3.564245424372776e+17	3.41997541975347e+17	3.763035835088718e+17	3.854864704625031e+17	4.300248451916184e+17	3.675058360770828e+17	3.650555768015251e+17	3.73788861363969e+17	3.1485141830467616e+17	
2.996923379800772	0.0	1.9288774178984265	1.9271631788977455	1.8894023047602564	1.7992686525812267	1.822113485381013	1.6994626842544258	5.3366893638461	5.056609145583441	4.375637133952576	4.932828766546174	4.347923535792497	5.155231954944328	4.445527244483079	4.177933322455712	1.8303925964718994	1.8282091581308393	5.635633988624897	6.118753208896624	6.6189825326354	6.528817373844393	4.566064661506756	4.518879857897741	3.751737044816761e+17	3.0571086577729683e+17	3.3615397127426426e+17	1.2795984167310627e+17	1.6056173188736253e+17	4.2114327612856506e+17	3.259977603987931e+17	3.3366983020076186e+17	1.1240063242269656e+17	3.149435169783399e+17	10.96797238216636	8.86982197283389	8.49684070550131	39.01952599668413	15.267293393314443	23.357709982144627	1.2653423314240608e+17	6.299797976852322	1.1420541874805357e+17	3.461043689959978e+17	3.46987700475215e+17	3.304737357742132e+17	3.564245424372776e+17	3.41997541975347e+17	3.763035835088718e+17	3.854864704625031e+17	4.300248451916184e+17	3.675058360770828e+17	3.650555768015251e+17	3.73788861363969e+17	3.1485141830467616e+17	
2.941856509645873	1.9288774178984265	0.0	2.0648995358962536	1.908164961187932	2.0352240404255406	1.7633682103030235	1.8293624121211873	5.284341084413048	5.087384302239484	4.330102440112514	4.932029985781103	4.289505539231988	5.0900155232820765	4.358698455354328	4.140815018403859	1.9062417920040144	2.0066220507983723	5.680690372818202	6.13924772886243	6.738343492833707	6.4288075782148795	4.509351430661792	4.430484669873196	3.751737044816761e+17	3.0571086577729683e+17	3.3615397127426426e+17	1.2795984167310627e+17	1.6056173188736253e+17	4.2114327612856506e+17	3.259977603987931e+17	3.3366983020076186e+17	1.1240063242269656e+17	3.149435169783399e+17	11.11519311633813	8.828502522992977	8.425664611422574	38.923379457316585	15.373801972649096	23.44256141528841	1.2653423314240608e+17	6.357286370759884	1.1420541874805357e+17	3.461043689959978e+17	3.46987700475215e+17	3.304737357742132e+17	3.564245424372776e+17	3.41997541975347e+17	3.763035835088718e+17	3.854864704625031e+17	4.300248451916184e+17	3.675058360770828e+17	3.650555768015251e+17	3.73788861363969e+17	3.1485141830467616e+17	
2.9725995501442815	1.9271631788977455	2.0648995358962536	0.0	1.9944596638664196	2.0248305434084437	2.0534085079605098	1.912683193593004	5.396720023248673	5.130655999392529	4.441287386898883	5.039104810557222	4.395011560170542	5.092818191644449	4.474398691366684	4.336051259224687	2.0046388300735445	2.0409626377166297	5.795461201188015	6.302870237440957	6.902925261478257	6.385502635782093	4.597450878061959	4.571362713824868	3.751737044816761e+17	3.0571086577729683e+17	3.3615397127426426e+17	1.2795984167310627e+17	1.6056173188736253e+17	4.2114327612856506e+17	3.259977603987931e+17	3.3366983020076186e+17	1.1240063242269656e+17	3.149435169783399e+17	11.202356416783562	8.81740924299458	8.562798548566056	38.68506306190853	15.354956490413295	23.077043000995754	1.2653423314240608e+17	6.576277779594032	1.1420541874805357e+17	3.461043689959978e+17	3.46987700475215e+17	3.304737357742132e+17	3.564245424372776e+17	3.41997541975347e+17	3.763035835088718e+17	3.854864704625031e+17	4.300248451916184e+17	3.675058360770828e+17	3.650555768015251e+17	3.73788861363969e+17	3.1485141830467616e+17	
2.8853601690661543	1.8894023047602564	1.908164961187932	1.9944596638664196	0.0	1.812394644373906	1.9393176737709703	1.781763898297959	5.589422999594625	5.292514086182881	4.548292427761869	5.190849492555849	4.5252748057322	5.3145968853342405	4.61521094359266	4.421781190165716	1.8861313637139188	1.8374356127536844	5.951840945913963	6.535879711829962	7.026929616905878	6.674372294646896	4.601072270936333	4.55999158652082	3.751737044816761e+17	3.0571086577729683e+17	3.3615397127426426e+17	1.2795984167310627e+17	1.6056173188736253e+17	4.2114327612856506e+17	3.259977603987931e+17	3.3366983020076186e+17	1.1240063242269656e+17	3.149435169783399e+17	11.42192909375894	9.089222207671378	8.73863858526574	38.89830579948854	15.65539436282002	23.337755923129144	1.2653423314240608e+17	6.732093381374035	1.1420541874805357e+17	3.461043689959978e+17	3.46987700475215e+17	3.304737357742132e+17	3.564245424372776e+17	3.41997541975347e+17	3.763035835088718e+17	3.854864704625031e+17	4.300248451916184e+17	3.675058360770828e+17	3.650555768015251e+17	3.73788861363969e+17	3.1485141830467616e+17	
3.0246730846677807	1.7992686525812267	2.0352240404255406	2.0248305434084437	1.812394644373906	0.0	1.9456364549065635	1.8210578655939496	5.628218418076977	5.300590505168835	4.5837659231655055	5.204174153618157	4.560521142288785	5.35548905196085	4.674781210789228	4.429423826796709	1.8056836255252644	1.8470426170457843	5.951847426297491	6.486475252487875	6.97902683062012	6.725349362802852	4.681027179255386	4.6332641603868145	3.751737044816761e+17	3.0571086577729683e+17	3.3615397127426426e+17	1.2795984167310627e+17	1.6056173188736253e+17	4.2114327612856506e+17	3.259977603987931e+17	3.3366983020076186e+17	1.1240063242269656e+17	3.149435169783399e+17	11.382732519683048	9.117200405957304	8.759269484165042	39.01711714117725	15.637212642958941	23.364703891154356	1.2653423314240608e+17	6.70332028882919	1.1420541874805357e+17	3.461043689959978e+17	3.46987700475215e+17	3.304737357742132e+17	3.564245424372776e+17	3.41997541975347e+17	3.763035835088718e+17	3.854864704625031e+17	4.300248451916184e+17	3.675058360770828e+17	3.650555768015251e+17	3.73788861363969e+17	3.1485141830467616e+17	
2.879055053639778	1.822113485381013	1.7633682103030235	2.0534085079605098	1.9393176737709703	1.9456364549065635	0.0	1.8092803464903395	5.356568248397468	5.05788280220826	4.35583929834086	4.929405823037585	4.320182889051638	5.147791376936973	4.432215683542876	4.142728127616169	1.83030631875676	1.915960041593185	5.630530232938261	6.1463693326585735	6.611127546244513	6.59350349041883	4.491059003722008	4.416684766450952	3.751737044816761e+17	3.0571086577729683e+17	3.3615397127426426e+17	1.2795984167310627e+17	1.6056173188736253e+17	4.2114327612856506e+17	3.259977603987931e+17	3.3366983020076186e+17	1.1240063242269656e+17	3.149435169783399e+17	11.089797818120083	8.932806821486121	8.429974773436143	39.13841611055844	15.461837337261294	23.479859174403213	1.2653423314240608e+17	6.265812907629988	1.1420541874805357e+17	3.461043689959978e+17	3.46987700475215e+17	3.304737357742132e+17	3.564245424372776e+17	3.41997541975347e+17	3.763035835088718e+17	3.854864704625031e+17	4.300248451916184e+17	3.675058360770828e+17	3.650555768015251e+17	3.73788861363969e+17	3.1485141830467616e+17	
2.738588715504117	1.6994626842544258	1.8293624121211873	1.912683193593004	1.781763898297959	1.8210578655939496	1.8092803464903395	0.0	5.356560138361367	5.052972558462525	4.2729888664362665	5.007473650217093	4.24212229797015	5.11021645577748	4.308464005167715	4.0482464259959325	1.8462944501312941	1.8629699390105015	5.47249014503221	6.033984683282919	6.5243954743630574	6.293954640767596	4.27212669616953	4.220945450960612	3.751737044816761e+17	3.0571086577729683e+17	3.3615397127426426e+17	1.2795984167310627e+17	1.6056173188736253e+17	4.2114327612856506e+17	3.259977603987931e+17	3.3366983020076186e+17	1.1240063242269656e+17	3.149435169783399e+17	10.972804089613758	8.691176737693015	8.480923210291829	39.01969022730279	15.230260026411226	23.481794574988125	1.2653423314240608e+17	6.270641861743574	1.1420541874805357e+17	3.461043689959978e+17	3.46987700475215e+17	3.304737357742132e+17	3.564245424372776e+17	3.41997541975347e+17	3.763035835088718e+17	3.854864704625031e+17	4.300248451916184e+17	3.675058360770828e+17	3.650555768015251e+17	3.73788861363969e+17	3.1485141830467616e+17	
5.450485474563706	5.3366893638461	5.284341084413048	5.396720023248673	5.589422999594625	5.628218418076977	5.356568248397468	5.356560138361367	0.0	4.7844555365752495	4.099101731721962	4.339686146498377	4.114111100288273	4.650648141031474	4.089247461841373	4.301234113078292	5.492133138352798	5.616720285089631	5.992306468937662	6.225964854225891	6.932648926734743	6.396645373374246	5.6360844892418545	5.61136823882639	3.751737044816761e+17	3.0571086577729683e+17	3.3615397127426426e+17	1.2795984167310627e+17	1.6056173188736253e+17	4.2114327612856506e+17	3.259977603987931e+17	3.3366983020076186e+17	1.1240063242269656e+17	3.149435169783399e+17	10.736089530851357	8.775753585824624	8.473377156071594	38.923662270090894	14.839045075734823	23.725117479092717	1.2653423314240608e+17	6.480084841348335	1.1420541874805357e+17	3.461043689959978e+17	3.46987700475215e+17	3.304737357742132e+17	3.564245424372776e+17	3.41997541975347e+17	3.763035835088718e+17	3.854864704625031e+17	4.300248451916184e+17	3.675058360770828e+17	3.650555768015251e+17	3.73788861363969e+17	3.1485141830467616e+17	
4.857239513657341	5.056609145583441	5.087384302239484	5.130655999392529	5.292514086182881	5.300590505168835	5.05788280220826	5.052972558462525	4.7844555365752495	0.0	4.215217383887795	4.308838533298507	4.167479755935952	3.9450465522487668	4.2073581093421435	4.139099032350867	5.25857108671976	5.4065423848024485	5.34740893775352	5.729358314189815	6.224877824219725	6.188780962816271	4.867268041186531	4.828733521066195	3.751737044816761e+17	3.0571086577729683e+17	3.3615397127426426e+17	1.2795984167310627e+17	1.6056173188736253e+17	4.2114327612856506e+17	3.259977603987931e+17	3.3366983020076186e+17	1.1240063242269656e+17	3.149435169783399e+17	10.455339767684997	8.557068191323053	8.30677615256922	39.357798342893794	14.722932450131106	23.85301982281979	1.2653423314240608e+17	5.963391812845309	1.1420541874805357e+17	3.461043689959978e+17	3.46987700475215e+17	3.304737357742132e+17	3.564245424372776e+17	3.41997541975347e+17	3.763035835088718e+17	3.854864704625031e+17	4.300248451916184e+17	3.675058360770828e+17	3.650555768015251e+17	3.73788861363969e+17	3.1485141830467616e+17	
4.080345416306715	4.375637133952576	4.330102440112514	4.441287386898883	4.548292427761869	4.5837659231655055	4.35583929834086	4.2729888664362665	4.099101731721962	4.215217383887795	0.0	4.07054843355215	2.9611029248429497	4.049029429707178	2.8439632886692867	2.962152080407872	4.475233016226987	4.699249971503463	4.8584989076563305	5.386946145983733	5.896801573772807	5.561279992382402	3.855910413002703	3.8142301347941547	3.751737044816761e+17	3.0571086577729683e+17	3.3615397127426426e+17	1.2795984167310627e+17	1.6056173188736253e+17	4.2114327612856506e+17	3.259977603987931e+17	3.3366983020076186e+17	1.1240063242269656e+17	3.149435169783399e+17	10.515427756959884	8.414111425496932	8.010348165620657	39.383346874628394	14.914217632366409	24.06083358081652	1.2653423314240608e+17	5.602222555516339	1.1420541874805357e+17	3.461043689959978e+17	3.46987700475215e+17	3.304737357742132e+17	3.564245424372776e+17	3.41997541975347e+17	3.763035835088718e+17	3.854864704625031e+17	4.300248451916184e+17	3.675058360770828e+17	3.650555768015251e+17	3.73788861363969e+17	3.1485141830467616e+17	
4.903245997314825	4.932828766546174	4.932029985781103	5.039104810557222	5.190849492555849	5.204174153618157	4.929405823037585	5.007473650217093	4.339686146498377	4.308838533298507	4.07054843355215	0.0	4.007795108066828	4.3755958617686375	4.1185528864615915	3.908131939205519	5.129128276712075	5.263058674696389	5.631828539859671	5.880379051148835	6.506010386714528	6.46572692364999	5.219613224704153	5.124652660443925	3.751737044816761e+17	3.0571086577729683e+17	3.3615397127426426e+17	1.2795984167310627e+17	1.6056173188736253e+17	4.2114327612856506e+17	3.259977603987931e+17	3.3366983020076186e+17	1.1240063242269658e+17	3.149435169783399e+17	10.690802132069896	8.793816459193572	8.331204630899782	39.342146162898224	14.90626892703516	23.769376350171168	1.2653423314240608e+17	6.13886888314064	1.1420541874805357e+17	3.461043689959978e+17	3.46987700475215e+17	3.304737357742132e+17	3.564245424372776e+17	3.41997541975347e+17	3.763035835088718e+17	3.854864704625031e+17	4.300248451916184e+17	3.675058360770828e+17	3.650555768015251e+17	3.73788861363969e+17	3.1485141830467616e+17	
4.025615474265716	4.347923535792497	4.289505539231988	4.395011560170542	4.5252748057322	4.560521142288785	4.320182889051638	4.24212229797015	4.114111100288273	4.167479755935952	2.9611029248429497	4.007795108066828	0.0	4.155883775057429	2.9117392201685814	3.0297670121832425	4.483268721013471	4.657262522442351	4.7960144614407	5.286403248927185	5.824608049458492	5.674085429869184	4.084446439970953	3.9848975108540885	3.751737044816761e+17	3.0571086577729683e+17	3.3615397127426426e+17	1.2795984167310627e+17	1.6056173188736253e+17	4.2114327612856506e+17	3.259977603987931e+17	3.3366983020076186e+17	1.1240063242269656e+17	3.149435169783399e+17	10.604126885738456	8.265983584430689	7.971948066104809	39.47704578848574	14.71626998567527	23.977117795153617	1.2653423314240608e+17	5.595153183835528	1.1420541874805357e+17	3.461043689959978e+17	3.46987700475215e+17	3.304737357742132e+17	3.564245424372776e+17	3.41997541975347e+17	3.763035835088718e+17	3.854864704625031e+17	4.300248451916184e+17	3.675058360770828e+17	3.650555768015251e+17	3.73788861363969e+17	3.1485141830467616e+17	
4.913801477989797	5.155231954944328	5.0900155232820765	5.092818191644449	5.3145968853342405	5.35548905196085	5.147791376936973	5.11021645577748	4.650648141031474	3.9450465522487668	4.049029429707178	4.3755958617686375	4.155883775057429	0.0	4.073117728046079	4.176758697952642	5.240847127829185	5.4547377555956515	5.618032972259018	5.9460628482166085	6.7264966967666595	5.62788705782557	4.73579555364268	4.7509867173987415	3.751737044816761e+17	3.0571086577729683e+17	3.3615397127426426e+17	1.2795984167310627e+17	1.6056173188736253e+17	4.2114327612856506e+17	3.259977603987931e+17	3.3366983020076186e+17	1.1240063242269656e+17	3.149435169783399e+17	10.630899494862126	8.42944894829543	8.243264664234385	38.58543761905602	14.94561517373487	23.394954965289237	1.2653423314240608e+17	6.341574586892254	1.1420541874805357e+17	3.461043689959978e+17	3.46987700475215e+17	3.304737357742132e+17	3.564245424372776e+17	3.41997541975347e+17	3.763035835088718e+17	3.854864704625031e+17	4.300248451916184e+17	3.675058360770828e+17	3.650555768015251e+17	3.73788861363969e+17	3.1485141830467616e+17	
4.189890836679996	4.445527244483079	4.358698455354328	4.474398691366684	4.61521094359266	4.674781210789228	4.432215683542876	4.308464005167715	4.089247461841373	4.2073581093421435	2.8439632886692867	4.1185528864615915	2.9117392201685814	4.073117728046079	0.0	3.031976223740761	4.562839386058778	4.74274175414067	4.782766743618567	5.333218193322237	5.911493165084531	5.467466943492249	3.9903963726881875	3.944671018667719	3.751737044816761e+17	3.0571086577729683e+17	3.3615397127426426e+17	1.2795984167310627e+17	1.6056173188736253e+17	4.2114327612856506e+17	3.259977603987931e+17	3.3366983020076186e+17	1.1240063242269656e+17	3.149435169783399e+17	10.45921037880543	8.1803700776047	7.961448393862045	39.20441566993812	14.672880529754824	23.960929906076633	1.2653423314240608e+17	5.611531902070762	1.1420541874805357e+17	3.461043689959978e+17	3.46987700475215e+17	3.304737357742132e+17	3.564245424372776e+17	3.41997541975347e+17	3.763035835088718e+17	3.854864704625031e+17	4.300248451916184e+17	3.675058360770828e+17	3.650555768015251e+17	3.73788861363969e+17	3.1485141830467616e+17	
3.878407421714187	4.177933322455712	4.140815018403859	4.336051259224687	4.421781190165716	4.429423826796709	4.142728127616169	4.0482464259959325	4.301234113078292	4.139099032350867	2.962152080407872	3.908131939205519	3.0297670121832425	4.176758697952642	3.031976223740761	0.0	4.3179684922340105	4.5004533044108666	4.358563102336058	4.9223835553459265	5.295239645850168	5.516693622087639	3.5580852336744333	3.4676180094661837	3.751737044816761e+17	3.0571086577729683e+17	3.3615397127426426e+17	1.2795984167310627e+17	1.6056173188736253e+17	4.2114327612856506e+17	3.259977603987931e+17	3.3366983020076186e+17	1.1240063242269656e+17	3.149435169783399e+17	10.201712107115851	8.225460086925173	7.866328226962536	39.799138625738784	14.622024964174924	24.35592111634782	1.2653423314240608e+17	5.084272352724052	1.1420541874805357e+17	3.461043689959978e+17	3.46987700475215e+17	3.304737357742132e+17	3.564245424372776e+17	3.41997541975347e+17	3.763035835088718e+17	3.854864704625031e+17	4.300248451916184e+17	3.675058360770828e+17	3.650555768015251e+17	3.73788861363969e+17	3.1485141830467616e+17	
3.081168578329806	1.8303925964718994	1.9062417920040144	2.0046388300735445	1.8861313637139188	1.8056836255252644	1.83030631875676	1.8462944501312941	5.492133138352798	5.25857108671976	4.475233016226987	5.129128276712075	4.483268721013471	5.240847127829185	4.562839386058778	4.3179684922340105	0.0	1.8218981741530857	5.8992153041549535	6.423459963066881	6.91536994888132	6.598023513194073	4.636991330558917	4.5912415877997415	3.751737044816761e+17	3.0571086577729683e+17	3.3615397127426426e+17	1.2795984167310627e+17	1.6056173188736253e+17	4.2114327612856506e+17	3.259977603987931e+17	3.3366983020076186e+17	1.1240063242269656e+17	3.149435169783399e+17	11.30889793674885	9.072472576245922	8.634041588345427	38.9342308811563	15.70177525397609	23.373885357745007	1.2653423314240608e+17	6.583402378689044	1.1420541874805357e+17	3.461043689959978e+17	3.46987700475215e+17	3.304737357742132e+17	3.564245424372776e+17	3.41997541975347e+17	3.763035835088718e+17	3.854864704625031e+17	4.300248451916184e+17	3.675058360770828e+17	3.650555768015251e+17	3.73788861363969e+17	3.1485141830467616e+17	
3.2477524262396704	1.8282091581308393	2.0066220507983723	2.0409626377166297	1.8374356127536844	1.8470426170457843	1.915960041593185	1.8629699390105015	5.616720285089631	5.4065423848024485	4.699249971503463	5.263058674696389	4.657262522442351	5.4547377555956515	4.74274175414067	4.5004533044108666	1.8218981741530857	0.0	6.0233447254431	6.595188689937598	7.028702381240931	6.80864022504321	4.904247823225698	4.841980433898036	3.751737044816761e+17	3.0571086577729683e+17	3.3615397127426426e+17	1.2795984167310627e+17	1.6056173188736253e+17	4.2114327612856506e+17	3.259977603987931e+17	3.3366983020076186e+17	1.1240063242269656e+17	3.149435169783399e+17	11.389446989164195	9.13129919256768	8.738683285953414	38.88385018686836	15.614349906488641	23.34427679490582	1.2653423314240608e+17	6.804895056337221	1.1420541874805357e+17	3.461043689959978e+17	3.46987700475215e+17	3.304737357742132e+17	3.564245424372776e+17	3.41997541975347e+17	3.763035835088718e+17	3.854864704625031e+17	4.300248451916184e+17	3.675058360770828e+17	3.650555768015251e+17	3.73788861363969e+17	3.1485141830467616e+17	
5.009530769086867	5.635633988624897	5.680690372818202	5.795461201188015	5.951840945913963	5.951847426297491	5.630530232938261	5.47249014503221	5.992306468937662	5.34740893775352	4.8584989076563305	5.631828539859671	4.7960144614407	5.618032972259018	4.782766743618567	4.358563102336058	5.8992153041549535	6.0233447254431	0.0	3.9659631581014896	3.9862190274265057	5.7165960531455156	4.239998531275453	4.055865561860007	3.751737044816761e+17	3.0571086577729683e+17	3.3615397127426426e+17	1.2795984167310627e+17	1.6056173188736253e+17	4.2114327612856506e+17	3.259977603987931e+17	3.3366983020076186e+17	1.1240063242269656e+17	3.149435169783399e+17	8.79467974148073	7.537158222359603	7.502390976503203	40.01264324736011	13.250153388579289	24.47661577766385	1.2653423314240608e+17	4.5618616540874015	1.1420541874805357e+17	3.461043689959978e+17	3.46987700475215e+17	3.304737357742132e+17	3.564245424372776e+17	3.41997541975347e+17	3.763035835088718e+17	3.854864704625031e+17	4.300248451916184e+17	3.675058360770828e+17	3.650555768015251e+17	3.73788861363969e+17	3.1485141830467616e+17	
5.621600981022002	6.118753208896624	6.13924772886243	6.302870237440957	6.535879711829962	6.486475252487875	6.1463693326585735	6.033984683282919	6.225964854225891	5.729358314189815	5.386946145983733	5.880379051148835	5.286403248927185	5.9460628482166085	5.333218193322237	4.9223835553459265	6.423459963066881	6.595188689937598	3.9659631581014896	0.0	4.508985441156189	6.0757839563550275	5.147173387070644	5.022786160401345	3.751737044816761e+17	3.0571086577729683e+17	3.3615397127426426e+17	1.2795984167310627e+17	1.6056173188736253e+17	4.2114327612856506e+17	3.259977603987931e+17	3.3366983020076186e+17	1.1240063242269656e+17	3.149435169783399e+17	8.8629544218623	7.73537021587476	7.81021084739403	40.52001777434998	12.999232651923672	24.54932433402059	1.2653423314240608e+17	3.5862388769880433	1.1420541874805357e+17	3.461043689959978e+17	3.46987700475215e+17	3.304737357742132e+17	3.564245424372776e+17	3.41997541975347e+17	3.763035835088718e+17	3.854864704625031e+17	4.300248451916184e+17	3.675058360770828e+17	3.650555768015251e+17	3.73788861363969e+17	3.1485141830467616e+17	
6.0845069170323525	6.6189825326354	6.738343492833707	6.902925261478257	7.026929616905878	6.97902683062012	6.611127546244513	6.5243954743630574	6.932648926734743	6.224877824219725	5.896801573772807	6.506010386714528	5.824608049458492	6.7264966967666595	5.911493165084531	5.295239645850168	6.91536994888132	7.028702381240931	3.9862190274265057	4.508985441156189	0.0	6.783092113864948	5.322142218456844	5.107063763211132	3.751737044816761e+17	3.0571086577729683e+17	3.3615397127426426e+17	1.2795984167310627e+17	1.6056173188736253e+17	4.2114327612856506e+17	3.259977603987931e+17	3.3366983020076186e+17	1.1240063242269658e+17	3.149435169783399e+17	9.109407184284729	8.295848941385204	8.166596570575496	41.41705784032961	13.234834742916698	25.595851713574877	1.2653423314240608e+17	4.854704050205081	1.1420541874805357e+17	3.461043689959978e+17	3.46987700475215e+17	3.304737357742132e+17	3.564245424372776e+17	3.41997541975347e+17	3.763035835088718e+17	3.854864704625031e+17	4.300248451916184e+17	3.675058360770828e+17	3.650555768015251e+17	3.73788861363969e+17	3.1485141830467616e+17	
6.070706282770441	6.528817373844393	6.4288075782148795	6.385502635782093	6.674372294646896	6.725349362802852	6.59350349041883	6.293954640767596	6.396645373374246	6.188780962816271	5.561279992382402	6.46572692364999	5.674085429869184	5.62788705782557	5.467466943492249	5.516693622087639	6.598023513194073	6.80864022504321	5.7165960531455156	6.0757839563550275	6.783092113864948	0.0	5.2017648042485085	5.284215183005851	3.751737044816761e+17	3.0571086577729683e+17	3.3615397127426426e+17	1.2795984167310627e+17	1.6056173188736253e+17	4.2114327612856506e+17	3.259977603987931e+17	3.3366983020076186e+17	1.1240063242269656e+17	3.149435169783399e+17	10.554902741859477	7.902997273266691	8.589233777592362	38.32977716634839	14.189716132775683	23.631581655208535	1.2653423314240608e+17	6.950171760148936	1.1420541874805357e+17	3.461043689959978e+17	3.46987700475215e+17	3.304737357742132e+17	3.564245424372776e+17	3.41997541975347e+17	3.763035835088718e+17	3.854864704625031e+17	4.300248451916184e+17	3.675058360770828e+17	3.650555768015251e+17	3.73788861363969e+17	3.1485141830467616e+17	
3.530463403579892	4.566064661506756	4.509351430661792	4.597450878061959	4.601072270936333	4.681027179255386	4.491059003722008	4.27212669616953	5.6360844892418545	4.867268041186531	3.855910413002703	5.219613224704153	4.084446439970953	4.73579555364268	3.9903963726881875	3.5580852336744333	4.636991330558917	4.904247823225698	4.239998531275453	5.147173387070644	5.322142218456844	5.2017648042485085	0.0	0.7677996376535023	3.751737044816761e+17	3.0571086577729683e+17	3.3615397127426426e+17	1.2795984167310627e+17	1.6056173188736253e+17	4.2114327612856506e+17	3.259977603987931e+17	3.3366983020076186e+17	1.1240063242269656e+17	3.149435169783399e+17	10.507549908084279	8.300862653447595	8.14209984253562	39.96974865569114	15.339760114133574	24.714268095653146	1.2653423314240608e+17	5.13303930547883	1.1420541874805357e+17	3.461043689959978e+17	3.46987700475215e+17	3.304737357742132e+17	3.564245424372776e+17	3.41997541975347e+17	3.763035835088718e+17	3.854864704625031e+17	4.300248451916184e+17	3.675058360770828e+17	3.650555768015251e+17	3.73788861363969e+17	3.1485141830467616e+17	
3.4176646444772896	4.518879857897741	4.430484669873196	4.571362713824868	4.55999158652082	4.6332641603868145	4.416684766450952	4.220945450960612	5.61136823882639	4.828733521066195	3.8142301347941547	5.124652660443925	3.9848975108540885	4.7509867173987415	3.944671018667719	3.4676180094661837	4.5912415877997415	4.841980433898036	4.055865561860007	5.022786160401345	5.107063763211132	5.284215183005851	0.7677996376535023	0.0	3.751737044816761e+17	3.0571086577729683e+17	3.3615397127426426e+17	1.2795984167310627e+17	1.6056173188736253e+17	4.2114327612856506e+17	3.259977603987931e+17	3.3366983020076186e+17	1.1240063242269656e+17	3.149435169783399e+17	10.507096352482531	8.274996954000423	7.978904510988346	40.051348096152445	15.323157770130996	24.797834830534295	1.2653423314240608e+17	5.067100938482362	1.1420541874805357e+17	3.461043689959978e+17	3.46987700475215e+17	3.304737357742132e+17	3.564245424372776e+17	3.41997541975347e+17	3.763035835088718e+17	3.854864704625031e+17	4.300248451916184e+17	3.675058360770828e+17	3.650555768015251e+17	3.73788861363969e+17	3.1485141830467616e+17	
3.751737044816761e+17	3.751737044816761e+17	3.751737044816761e+17	3.751737044816761e+17	3.751737044816761e+17	3.751737044816761e+17	3.751737044816761e+17	3.751737044816761e+17	3.751737044816761e+17	3.751737044816761e+17	3.751737044816761e+17	3.751737044816761e+17	3.751737044816761e+17	3.751737044816761e+17	3.751737044816761e+17	3.751737044816761e+17	3.751737044816761e+17	3.751737044816761e+17	3.751737044816761e+17	3.751737044816761e+17	3.751737044816761e+17	3.751737044816761e+17	3.751737044816761e+17	3.751737044816761e+17	0.0	2.8333628860766378e+17	3.3070208526906944e+17	3.3477234943769e+17	3.4446784148027405e+17	3.184637139133794e+17	2.6973014425494963e+17	2.8748859868625805e+17	3.421257412203305e+17	3.5390479149444506e+17	3.751737044816761e+17	3.751737044816761e+17	3.751737044816761e+17	3.751737044816761e+17	3.751737044816761e+17	3.751737044816761e+17	3.239995252558925e+17	3.751737044816761e+17	3.350047051724651e+17	2.666168610046522e+17	2.4522413506970304e+17	2.7664558170727587e+17	3.1017131644272083e+17	2.4096477192578762e+17	3.2219593618587776e+17	2.6253575013684598e+17	2.5770855058277213e+17	2.7031654983281933e+17	2.4544593531441952e+17	2.6622639375148803e+17	2.392188361617287e+17	
3.0571086577729683e+17	3.0571086577729683e+17	3.0571086577729683e+17	3.0571086577729683e+17	3.0571086577729683e+17	3.0571086577729683e+17	3.0571086577729683e+17	3.0571086577729683e+17	3.0571086577729683e+17	3.0571086577729683e+17	3.0571086577729683e+17	3.0571086577729683e+17	3.0571086577729683e+17	3.0571086577729683e+17	3.0571086577729683e+17	3.0571086577729683e+17	3.0571086577729683e+17	3.0571086577729683e+17	3.0571086577729683e+17	3.0571086577729683e+17	3.0571086577729683e+17	3.0571086577729683e+17	3.0571086577729683e+17	3.0571086577729683e+17	2.8333628860766378e+17	0.0	2.4767538268604202e+17	2.6041088953313725e+17	2.682195679535059e+17	3.137868035189699e+17	2.1003254166511808e+17	2.580914835496376e+17	2.747161700072962e+17	3.511467660059767e+17	3.0571086577729683e+17	3.0571086577729683e+17	3.0571086577729683e+17	3.0571086577729683e+17	3.0571086577729683e+17	3.0571086577729683e+17	2.687799058369629e+17	3.0571086577729683e+17	2.6727328725574893e+17	2.1950061089563034e+17	2.1853341915974454e+17	2.1304775797085245e+17	2.4813394314463517e+17	2.1880180243316435e+17	2.513404413009044e+17	2.485298468557913e+17	2.7301267433623536e+17	2.43192739458007e+17	2.2188928432985046e+17	2.358530111172e+17	2.0934356813282915e+17	
3.3615397127426426e+17	3.3615397127426426e+17	3.3615397127426426e+17	3.3615397127426426e+17	3.3615397127426426e+17	3.3615397127426426e+17	3.3615397127426426e+17	3.3615397127426426e+17	3.3615397127426426e+17	3.3615397127426426e+17	3.3615397127426426e+17	3.3615397127426426e+17	3.3615397127426426e+17	3.3615397127426426e+17	3.3615397127426426e+17	3.3615397127426426e+17	3.3615397127426426e+17	3.3615397127426426e+17	3.3615397127426426e+17	3.3615397127426426e+17	3.3615397127426426e+17	3.3615397127426426e+17	3.3615397127426426e+17	3.3615397127426426e+17	3.3070208526906944e+17	2.4767538268604202e+17	0.0	2.8875011050750086e+17	2.7647743866043594e+17	3.875029613074857e+17	2.6859118706838406e+17	2.890900874691378e+17	2.8609770014664925e+17	3.790967072312238e+17	3.3615397127426426e+17	3.3615397127426426e+17	3.3615397127426426e+17	3.3615397127426426e+17	3.361539712742643e+17	3.3615397127426426e+17	2.9003875413014195e+17	3.3615397127426426e+17	2.79637994938324e+17	2.4273706444816285e+17	2.450634925851475e+17	2.5871262838713645e+17	3.0282816581328986e+17	2.5264252039501363e+17	2.9723057550538176e+17	3.034677600357112e+17	3.587937336264504e+17	2.7355252138765728e+17	2.3764499062398397e+17	2.912950970543928e+17	2.415780779716387e+17	
1.2795984167310627e+17	1.2795984167310627e+17	1.2795984167310627e+17	1.2795984167310627e+17	1.2795984167310627e+17	1.2795984167310627e+17	1.2795984167310627e+17	1.2795984167310627e+17	1.2795984167310627e+17	1.2795984167310627e+17	1.2795984167310627e+17	1.2795984167310627e+17	1.2795984167310627e+17	1.2795984167310627e+17	1.2795984167310627e+17	1.2795984167310627e+17	1.2795984167310627e+17	1.2795984167310627e+17	1.2795984167310627e+17	1.2795984167310627e+17	1.2795984167310627e+17	1.2795984167310627e+17	1.2795984167310627e+17	1.2795984167310627e+17	3.3477234943769e+17	2.6041088953313725e+17	2.8875011050750086e+17	0.0	1.5154004606794195e+17	3.946117681888078e+17	2.8064883607851043e+17	2.9140298584869274e+17	1.2814359038072269e+17	2.901998226563094e+17	1.2795984167310627e+17	1.2795984167310627e+17	1.2795984167310629e+17	1.2795984167310627e+17	1.2795984167310627e+17	1.2795984167310627e+17	1.2720709607706235e+17	1.2795984167310627e+17	1.2701742974346866e+17	2.990946662733009e+17	2.9846331141237766e+17	2.8568256361055418e+17	3.2021185835256877e+17	2.928057084052211e+17	3.3714582987675955e+17	3.3595086545012275e+17	3.8231430314259456e+17	3.311464891686032e+17	3.159215674650379e+17	3.3295997102667706e+17	2.7357138169654365e+17	
1.6056173188736253e+17	1.6056173188736253e+17	1.6056173188736253e+17	1.6056173188736253e+17	1.6056173188736253e+17	1.6056173188736253e+17	1.6056173188736253e+17	1.6056173188736253e+17	1.6056173188736253e+17	1.6056173188736253e+17	1.6056173188736253e+17	1.6056173188736253e+17	1.6056173188736253e+17	1.6056173188736253e+17	1.6056173188736253e+17	1.6056173188736253e+17	1.6056173188736253e+17	1.6056173188736253e+17	1.6056173188736253e+17	1.6056173188736253e+17	1.6056173188736253e+17	1.6056173188736253e+17	1.6056173188736253e+17	1.6056173188736253e+17	3.4446784148027405e+17	2.682195679535059e+17	2.7647743866043594e+17	1.5154004606794195e+17	0.0	4.272907570311892e+17	2.938268833285674e+17	2.72356927336912e+17	1.1115162720831397e+17	3.1572355392886496e+17	1.6056173188736253e+17	1.6056173188736253e+17	1.6056173188736253e+17	1.6056173188736253e+17	1.6056173188736253e+17	1.6056173188736253e+17	1.4385732331558648e+17	1.6056173188736253e+17	1.1722335451050149e+17	3.1695764345679565e+17	3.040182019634296e+17	2.913800929545189e+17	3.465101228384836e+17	3.0362629262438176e+17	3.5996898121614803e+17	3.562238909105524e+17	4.095043026950982e+17	3.3908242392863494e+17	3.1938181492693094e+17	3.486833131866972e+17	2.823952955745432e+17	
4.2114327612856506e+17	4.2114327612856506e+17	4.2114327612856506e+17	4.2114327612856506e+17	4.2114327612856506e+17	4.2114327612856506e+17	4.2114327612856506e+17	4.2114327612856506e+17	4.2114327612856506e+17	4.2114327612856506e+17	4.2114327612856506e+17	4.2114327612856506e+17	4.2114327612856506e+17	4.2114327612856506e+17	4.2114327612856506e+17	4.2114327612856506e+17	4.2114327612856506e+17	4.2114327612856506e+17	4.2114327612856506e+17	4.2114327612856506e+17	4.2114327612856506e+17	4.2114327612856506e+17	4.2114327612856506e+17	4.2114327612856506e+17	3.184637139133794e+17	3.137868035189699e+17	3.875029613074857e+17	3.946117681888078e+17	4.272907570311892e+17	0.0	2.7718054969171946e+17	3.6444954485328595e+17	4.134938478876831e+17	4.313115226677307e+17	4.2114327612856506e+17	4.2114327612856506e+17	4.2114327612856506e+17	4.2114327612856506e+17	4.2114327612856506e+17	4.2114327612856506e+17	4.089973031584276e+17	4.2114327612856506e+17	4.096422411249435e+17	2.801020336316861e+17	2.999328974629497e+17	2.851314996085279e+17	2.5520903395059904e+17	2.8560410288487882e+17	2.6340846983006378e+17	2.606129877324981e+17	2.7339532751680742e+17	2.5821793068479462e+17	3.036598535113402e+17	2.341902319099824e+17	2.736849413941444e+17	
3.259977603987931e+17	3.259977603987931e+17	3.259977603987931e+17	3.259977603987931e+17	3.259977603987931e+17	3.259977603987931e+17	3.259977603987931e+17	3.259977603987931e+17	3.259977603987931e+17	3.259977603987931e+17	3.259977603987931e+17	3.259977603987931e+17	3.259977603987931e+17	3.259977603987931e+17	3.259977603987931e+17	3.259977603987931e+17	3.259977603987931e+17	3.259977603987931e+17	3.259977603987931e+17	3.259977603987931e+17	3.259977603987931e+17	3.259977603987931e+17	3.259977603987931e+17	3.259977603987931e+17	2.6973014425494963e+17	2.1003254166511808e+17	2.6859118706838406e+17	2.8064883607851043e+17	2.938268833285674e+17	2.7718054969171946e+17	0.0	2.508885177159113e+17	2.943851248296045e+17	3.4349746618127443e+17	3.259977603987931e+17	3.259977603987931e+17	3.259977603987931e+17	3.259977603987931e+17	3.259977603987931e+17	3.259977603987931e+17	2.960454718012772e+17	3.259977603987931e+17	2.887449695601504e+17	2.0499247760798554e+17	2.1115314828674544e+17	1.7259247760837872e+17	2.3153400714573315e+17	2.1457420802273078e+17	2.1562754366878838e+17	2.0661227777560717e+17	2.4660381794743882e+17	2.2148906250296992e+17	2.0831749418985462e+17	1.9749757076162115e+17	1.8630933526994432e+17	
3.3366983020076186e+17	3.3366983020076186e+17	3.3366983020076186e+17	3.3366983020076186e+17	3.3366983020076186e+17	3.3366983020076186e+17	3.3366983020076186e+17	3.3366983020076186e+17	3.3366983020076186e+17	3.3366983020076186e+17	3.3366983020076186e+17	3.3366983020076186e+17	3.3366983020076186e+17	3.3366983020076186e+17	3.3366983020076186e+17	3.3366983020076186e+17	3.3366983020076186e+17	3.3366983020076186e+17	3.3366983020076186e+17	3.3366983020076186e+17	3.3366983020076186e+17	3.3366983020076186e+17	3.3366983020076186e+17	3.3366983020076186e+17	2.8748859868625805e+17	2.580914835496376e+17	2.890900874691378e+17	2.9140298584869274e+17	2.72356927336912e+17	3.6444954485328595e+17	2.508885177159113e+17	0.0	2.766794680496977e+17	3.7045135558904486e+17	3.3366983020076186e+17	3.3366983020076186e+17	3.3366983020076186e+17	3.3366983020076186e+17	3.3366983020076186e+17	3.3366983020076186e+17	2.91090772283464e+17	3.3366983020076186e+17	2.6873697994256966e+17	2.6601115612139885e+17	2.4847911234221075e+17	2.484530064122757e+17	2.970863196482001e+17	2.6274549721687098e+17	2.8940547174735456e+17	2.917321067180904e+17	3.408746426597166e+17	3.069416290823635e+17	2.637813413020336e+17	2.7795308567249398e+17	2.3824304873389382e+17	
1.1240063242269656e+17	1.1240063242269656e+17	1.1240063242269656e+17	1.1240063242269656e+17	1.1240063242269656e+17	1.1240063242269656e+17	1.1240063242269656e+17	1.1240063242269656e+17	1.1240063242269656e+17	1.1240063242269656e+17	1.1240063242269656e+17	1.1240063242269658e+17	1.1240063242269656e+17	1.1240063242269656e+17	1.1240063242269656e+17	1.1240063242269656e+17	1.1240063242269656e+17	1.1240063242269656e+17	1.1240063242269656e+17	1.1240063242269656e+17	1.1240063242269658e+17	1.1240063242269656e+17	1.1240063242269656e+17	1.1240063242269656e+17	3.421257412203305e+17	2.747161700072962e+17	2.8609770014664925e+17	1.2814359038072269e+17	1.1115162720831397e+17	4.134938478876831e+17	2.943851248296045e+17	2.766794680496977e+17	0.0	3.046395959086391e+17	1.1240063242269656e+17	1.1240063242269656e+17	1.1240063242269656e+17	1.1240063242269656e+17	1.1240063242269656e+17	1.1240063242269656e+17	1.149720542252757e+17	1.1240063242269656e+17	8.533142821411714e+16	3.11514706424242e+17	3.0535369137978714e+17	2.9539698511755104e+17	3.372890094619271e+17	3.02814792700326e+17	3.523660688245178e+17	3.571868005517044e+17	4.069076870643032e+17	3.389391213148831e+17	3.227066930541031e+17	3.424867277239686e+17	2.8009953542256784e+17	
3.149435169783399e+17	3.149435169783399e+17	3.149435169783399e+17	3.149435169783399e+17	3.149435169783399e+17	3.149435169783399e+17	3.149435169783399e+17	3.149435169783399e+17	3.149435169783399e+17	3.149435169783399e+17	3.149435169783399e+17	3.149435169783399e+17	3.149435169783399e+17	3.149435169783399e+17	3.149435169783399e+17	3.149435169783399e+17	3.149435169783399e+17	3.149435169783399e+17	3.149435169783399e+17	3.149435169783399e+17	3.149435169783399e+17	3.149435169783399e+17	3.149435169783399e+17	3.149435169783399e+17	3.5390479149444506e+17	3.511467660059767e+17	3.790967072312238e+17	2.901998226563094e+17	3.1572355392886496e+17	4.313115226677307e+17	3.4349746618127443e+17	3.7045135558904486e+17	3.046395959086391e+17	0.0	3.149435169783399e+17	3.149435169783399e+17	3.149435169783399e+17	3.1494351697834e+17	3.149435169783399e+17	3.149435169783399e+17	2.899652886932e+17	3.149435169783399e+17	3.0354057971214176e+17	3.595237336525063e+17	3.5366761262611014e+17	3.593585150828473e+17	3.9114922948096294e+17	3.5174040819505517e+17	3.9678183114473805e+17	3.716683610328753e+17	4.005111307916513e+17	3.9005997986653856e+17	3.7097354217378266e+17	3.8428114867807354e+17	3.399427984307121e+17	
10.987146758773067	10.96797238216636	11.11519311633813	11.202356416783562	11.42192909375894	11.382732519683048	11.089797818120083	10.972804089613758	10.736089530851357	10.455339767684997	10.515427756959884	10.690802132069896	10.604126885738456	10.630899494862126	10.45921037880543	10.201712107115851	11.30889793674885	11.389446989164195	8.79467974148073	8.8629544218623	9.109407184284729	10.554902741859477	10.507549908084279	10.507096352482531	3.751737044816761e+17	3.0571086577729683e+17	3.3615397127426426e+17	1.2795984167310627e+17	1.6056173188736253e+17	4.2114327612856506e+17	3.259977603987931e+17	3.3366983020076186e+17	1.1240063242269656e+17	3.149435169783399e+17	0.0	10.50424840547464	11.273392502205226	40.26373842168855	13.083259664006711	25.60880095027829	1.2653423314240608e+17	9.134585253716319	1.1420541874805357e+17	3.461043689959978e+17	3.46987700475215e+17	3.304737357742132e+17	3.564245424372776e+17	3.41997541975347e+17	3.763035835088718e+17	3.854864704625031e+17	4.300248451916184e+17	3.675058360770828e+17	3.650555768015251e+17	3.73788861363969e+17	3.1485141830467616e+17	
