0.0	0.08307631499624366	0.09429123832138472	0.08178354868214054	0.08273284185682468	0.08243378454891918	0.08137666590583044	0.0776892428249236	0.5874285740067213	0.6581875237047193	0.604109093163413	0.5889616524893218	0.5594956966409702	0.6753430251091382	0.6048977130438976	0.6168912872606878	0.08337198279186969	0.08100144462644251	0.8674558204497891	0.8792846637320768	0.9420953293720847	0.799482258301179	0.7981203985770049	0.7911814552054524	0.519639818566497	0.2506219893670013	0.21653635898242196	0.21200478109017218	0.25569859751195184	0.6095949606610342	0.32353689321479834	0.23158323186297347	0.2374355232907275	0.38408747050890396	1.0162254718554984	0.95295327968333	0.9304002256717231	0.8912294071037122	1.1358192247675292	0.8627989865229054	0.36532448237063847	0.9943137593670268	0.23093300407129363	0.2713198684684989	0.28257490815816894	0.2892969195135196	0.44096862983520585	0.2603238160527221	0.37707757796555375	0.318101506385733	0.4118814307527436	0.2833169408860266	0.25786248040339593	0.33615847660751674	0.2868298829417678	
0.08307631499624366	0.0	0.0775875575323588	0.07119810823081753	0.07192109462791502	0.07111442589655678	0.07138177156270684	0.06541340939866395	0.5970937154336144	0.6789907018443314	0.6291640818203149	0.6028632454844315	0.5856550306522968	0.7003965763780531	0.6312263360659015	0.6400209262993479	0.07267644095194885	0.06711073610441316	0.8951723848606523	0.9030436833118778	0.9671580230269746	0.8330992965506201	0.8314880504503274	0.8250426740559127	0.4894016067225575	0.2141174880176034	0.18171963161585908	0.17916422158688888	0.23118106426413523	0.5821358741166056	0.28493100388108994	0.195333826946898	0.20903407326531928	0.360686036205696	1.0310117013448636	0.9746821561499075	0.9505339030570713	0.8935871866043444	1.1479716009926824	0.8706309681412117	0.3404537124442686	1.0114138700036803	0.19808044431851085	0.2337526542978223	0.24282028685650775	0.2538740780543908	0.4083963487542144	0.22324087344860186	0.3401848915459828	0.284916086156214	0.3778714150287968	0.2470599204937189	0.21880928983305048	0.2960602752875127	0.24779554081847746	
0.09429123832138472	0.0775875575323588	0.0	0.08514664766533826	0.07630599651169567	0.08736476632746103	0.07619044873419513	0.07656309380734569	0.5930823710464965	0.6754283833425558	0.6245349804808253	0.5996753674641354	0.581164131169174	0.6948199410621054	0.626166383526476	0.6368412736594732	0.08207771239298027	0.07999702990468323	0.8915273938408668	0.9004944409071645	0.9645277360926288	0.8281335903765805	0.8263503944500568	0.8197732968018583	0.49634330844403757	0.2188968178412459	0.18743159604561627	0.18580037225662785	0.23651330035962922	0.5857258968782043	0.28775013477707295	0.20044054006352716	0.2124520582267923	0.3641882866576815	1.0308524723506247	0.9708063177623267	0.9465825958942512	0.8831816186189977	1.1451953097519965	0.8670992681642068	0.34222057692408386	1.0109829461208226	0.20333919600741696	0.24037525857133646	0.24524472317703372	0.26031756552334084	0.41183952524185413	0.22548968214787116	0.34320005277523286	0.29036312410513576	0.3823584058970565	0.2532419769834179	0.22330400828903338	0.29871943138783935	0.25003954683804935	
0.08178354868214054	0.07119810823081753	0.08514664766533826	0.0	0.07203421134303156	0.07436398563411406	0.0752330252267274	0.07200805354263644	0.6025833888294878	0.6806860076806819	0.630835601419268	0.6084041579895474	0.5861176635072618	0.6986497566866117	0.6314700753967855	0.6446221078766607	0.07311116254225347	0.07244579045544454	0.8953693880044008	0.9056394861527096	0.9697448878589626	0.831592263120415	0.8300980555235292	0.823749200142851	0.4976826185618323	0.21883693830531437	0.18495872994313914	0.1803670463714892	0.227719257277914	0.5963365093512613	0.2932227767736768	0.19778905897036103	0.2066421681342843	0.36492487849802907	1.037306543365092	0.9732040513206713	0.9519513683187474	0.892213478949237	1.1473543542942162	0.8652811795663417	0.3396549437226926	1.019082839967997	0.1984030497743666	0.23946881764308423	0.2510875709155349	0.2593269570291951	0.41740922846251044	0.22792483591063234	0.3497855049839702	0.2912549525762425	0.3890198632355284	0.25374360850373323	0.22500315686984354	0.3056622870985333	0.25491801372033873	
0.08273284185682468	0.07192109462791502	0.07630599651169567	0.07203421134303156	0.0	0.06661771681095247	0.07475703481276133	0.06836281098343258	0.6127203863494451	0.6927111166100721	0.6425834362833647	0.618683721021912	0.5997098362257197	0.7116725032324611	0.6442898308808066	0.6570627045768385	0.06821234919908807	0.06266377439059274	0.9098602484629796	0.9197826739122138	0.9823188185896775	0.8448896046925575	0.8435768721884961	0.8373556418151429	0.5014071420595523	0.20937750106193492	0.17300023356234523	0.16809400524884607	0.21573636918345573	0.5977652831826011	0.2867585985871884	0.1869143992241289	0.193836133326195	0.3564863699409066	1.0501132644282158	0.9876048150498491	0.9631049292773461	0.8970489185437034	1.1633159993095472	0.8770715022535307	0.3330055091542731	1.0308950239482082	0.18638645417692767	0.23212270417062186	0.24142354829219012	0.2541190153061379	0.41609343211438743	0.21867528795071403	0.34644579183649094	0.28576746544512477	0.38443157117544613	0.2464499249275841	0.21511120692089403	0.2998763337851138	0.24676099223591946	
0.08243378454891918	0.07111442589655678	0.08736476632746103	0.07436398563411406	0.06661771681095247	0.0	0.07448375803032395	0.07145501048698621	0.6114293076349129	0.692622007467378	0.6422850227353247	0.6181787478417575	0.5991550666544989	0.7127504179235905	0.6446758662312292	0.6547968175215556	0.06876685741202744	0.064364980198103	0.9093314545394565	0.9177633929521914	0.981560253202684	0.8449112868903101	0.8436393127510903	0.8373868737210985	0.5001633003335122	0.21001463012765356	0.17224539690830537	0.16712782567327109	0.21807881397569573	0.5935970441607599	0.28779230739090556	0.18720865859219976	0.1962093731253986	0.3546752225692061	1.047425911448342	0.9879446396922283	0.9637304506046468	0.9054670196734651	1.162893646927011	0.8788656927748316	0.33472193066996814	1.0270447303318813	0.1877867819733818	0.23038725611707409	0.24351554431903918	0.25198441523628434	0.4150425972850886	0.2189748625992053	0.3460953657829833	0.2832873750606779	0.38420731971119876	0.24511478453442886	0.2163037511708781	0.30153354988683645	0.2481986138236482	
0.08137666590583044	0.07138177156270684	0.07619044873419513	0.0752330252267274	0.07475703481276133	0.07448375803032395	0.0	0.07272789241413424	0.5978910872025112	0.6773524211421732	0.6278238029903459	0.6027480834418618	0.5847021087340446	0.6988877198499951	0.6296606584009772	0.6387271616044347	0.07263462889507921	0.07161117808307745	0.8935737163094071	0.90224938598588	0.9652861067094295	0.8305248223476257	0.8289036331958203	0.8222455311692604	0.4961500914531454	0.21869310003456144	0.1848668117840881	0.18268187263850963	0.23663489360718554	0.5875734219858816	0.29184147775111347	0.20057873615911603	0.2127862335955771	0.3653033687286951	1.0317022857477458	0.9757836322295858	0.9489502895347995	0.8975435840516113	1.153961205399541	0.8718425136364325	0.3466421561710642	1.0096865942598094	0.2026244561646224	0.23832434774722247	0.2509079375516768	0.25993625286883537	0.41116381147627346	0.22563670811180042	0.34400329388108236	0.29069533788203883	0.3864434841524367	0.25304137964758966	0.22544543795811023	0.30454258816173974	0.2551362574834207	
0.0776892428249236	0.06541340939866395	0.07656309380734569	0.07200805354263644	0.06836281098343258	0.07145501048698621	0.07272789241413424	0.0	0.5961602653259959	0.6761443370955672	0.6235563820511174	0.6017288486393005	0.5804396719435867	0.694864228634945	0.6255618975428578	0.6361383131913231	0.07092008039357497	0.06794310085234874	0.8898599239618061	0.8991021779326693	0.9633595357995635	0.8263213580718418	0.8246762171837329	0.8184526510601101	0.5006339717915871	0.22462007106954862	0.19031632566358248	0.18479584955513123	0.23344420593434512	0.5944529928961485	0.2985480121907928	0.20265480676768355	0.2126246926852245	0.3650637398638523	1.0290271476192039	0.967618279018246	0.9476019469165643	0.8890661026863341	1.1396202816681154	0.8699745864501871	0.34335699530697844	1.010677102277686	0.20396497140105752	0.24467669308199808	0.25470422041411794	0.2652040626791473	0.4227354434604141	0.233634723663955	0.3563767858332065	0.295231928985778	0.38997093670362876	0.2592821813734319	0.22995471532859252	0.31137205319548455	0.2602542725204018	
0.5874285740067213	0.5970937154336144	0.5930823710464965	0.6025833888294878	0.6127203863494451	0.6114293076349129	0.5978910872025112	0.5961602653259959	0.0	0.5287535237134073	0.42833033817205185	0.44599510091470285	0.4265817168613256	0.5206635613330415	0.44178971516867244	0.4546530276065194	0.6039662996625377	0.6097003837435782	0.6567721354809776	0.6769905865849809	0.7164007134894825	0.6402894385539771	0.6288949219462303	0.6119162886455219	0.758387275365121	0.6946622453634467	0.7004216179685065	0.7092374944240223	0.7469147280292342	0.7616103237965616	0.6909043355958443	0.6949602643470973	0.7307909883510532	0.7611622921768092	0.840878303837304	0.8230256131900014	0.7799014111677494	0.9096088348078336	1.0031379373308729	0.8719769018028477	0.7543543867512915	0.7807791333144735	0.7160139317656816	0.6960595944706268	0.6847695988228958	0.6956191778703176	0.725225678192208	0.6921592564561112	0.7024132404642546	0.7028023825537462	0.7264700413165533	0.6980078807755835	0.6898276873583306	0.6879241655234422	0.6841973752132011	
0.6581875237047193	0.6789907018443314	0.6754283833425558	0.6806860076806819	0.6927111166100721	0.692622007467378	0.6773524211421732	0.6761443370955672	0.5287535237134073	0.0	0.46855426802022165	0.4863224629474348	0.4492432014303162	0.46308330530739295	0.4616630753466828	0.4617986022371727	0.685647276481519	0.6912618621229519	0.5810922705492411	0.620267275387935	0.6417682198598612	0.5635552783600759	0.5539400565728387	0.533254714655828	0.8221061737560381	0.7818063839300072	0.7910534336517039	0.8012750724163208	0.828125847572872	0.7979584496567788	0.7722510584890135	0.7927041116763143	0.814539786081432	0.8245722921112865	0.7934968746131386	0.7698749980703519	0.7280841329678259	0.910293280507027	0.9663773629209275	0.8684606371859965	0.8296732118684523	0.7300646502612067	0.8044001384729993	0.7769379086547599	0.7818564964987178	0.7768733015610177	0.7792334578521475	0.7771748237263931	0.7716755995138919	0.7932573145608327	0.7859913213405766	0.786280325474329	0.7799280114109411	0.7644638485431194	0.7742785618667368	
0.604109093163413	0.6291640818203149	0.6245349804808253	0.630835601419268	0.6425834362833647	0.6422850227353247	0.6278238029903459	0.6235563820511174	0.42833033817205185	0.46855426802022165	0.0	0.43052412684716956	0.3247092973944685	0.4498098614595509	0.3155385247920745	0.33889770676703873	0.6330179804215429	0.6410077141798161	0.5373480866420586	0.5888294238267545	0.6162659889868735	0.46453198366815823	0.45380112683982116	0.43603597281823814	0.8008707144935467	0.7548791958081147	0.7550670882471852	0.7607257305373759	0.785322492145184	0.793880976912134	0.751797610327406	0.7553250226937867	0.774223058404436	0.7988811522824133	0.7774231248503392	0.7446788586035007	0.7040413067917568	0.8875138700122396	0.9459890868745348	0.8526434021049201	0.7927672897962609	0.7117423948103813	0.7663048001781478	0.7549157677113381	0.7502917416319075	0.7548624101030569	0.77794802550697	0.7514758039297225	0.7606394803601737	0.7592655232592522	0.7749139806210522	0.7548351726103519	0.7520291600743584	0.7513870757560367	0.7467297119239727	
0.5889616524893218	0.6028632454844315	0.5996753674641354	0.6084041579895474	0.618683721021912	0.6181787478417575	0.6027480834418618	0.6017288486393005	0.44599510091470285	0.4863224629474348	0.43052412684716956	0.0	0.4276778821756434	0.4919666945879484	0.44028807119209307	0.4188318106110358	0.610409854113504	0.616161101726548	0.6258222466818213	0.6507007324751556	0.6803451443996819	0.6087244642228026	0.5975217109596461	0.5775866353729885	0.7768752017484671	0.7072588422308438	0.7101614278716533	0.7248637176299682	0.760742217237544	0.7595113254800961	0.7039446252850498	0.7117759417843221	0.7432428217413293	0.7686606785923313	0.8205087962360853	0.8079080371940977	0.7597340028833609	0.9054035788688645	1.0103211538986159	0.8698797330997248	0.7685548778517304	0.7484709741546534	0.7313977699652272	0.7085815645476122	0.699396454803357	0.7067210086745703	0.7284122824482887	0.7039663768371778	0.7125124450991276	0.7179150905732087	0.7316675686713421	0.7122512361103314	0.701601500774411	0.7001656474003161	0.6995999141457357	
0.5594956966409702	0.5856550306522968	0.581164131169174	0.5861176635072618	0.5997098362257197	0.5991550666544989	0.5847021087340446	0.5804396719435867	0.4265817168613256	0.4492432014303162	0.3247092973944685	0.4276778821756434	0.0	0.45564809908456	0.30904316059120085	0.33882204025121715	0.5910276894107833	0.5975492613150922	0.5359329740928421	0.5829370078038846	0.6218650327672963	0.48200977314608945	0.47461219256715587	0.4545308667179083	0.7564987293604616	0.7113902871650482	0.710227615345355	0.717667237963332	0.7439107168588474	0.7632846799884918	0.7120173965789589	0.7139353639065563	0.7326191057149595	0.758477308091934	0.7750283056285865	0.7285179515088742	0.703933051527852	0.8768274309453189	0.9355334711589125	0.8349149557619169	0.7531437721325899	0.7201123434486952	0.7254165618138092	0.7118364696684465	0.7142412441351826	0.7104397247725532	0.7250277083095376	0.7085393505799633	0.7106524353916644	0.7192416138716166	0.7284394890006598	0.7177386354238078	0.710868386218519	0.7068388939666643	0.7056876737426588	
0.6753430251091382	0.7003965763780531	0.6948199410621054	0.6986497566866117	0.7116725032324611	0.7127504179235905	0.6988877198499951	0.694864228634945	0.5206635613330415	0.46308330530739295	0.4498098614595509	0.4919666945879484	0.45564809908456	0.0	0.4609735868330392	0.4784605489553285	0.7040965349792921	0.7115945862281201	0.5915839259598079	0.6448796594701559	0.6758906667809416	0.5318050351578543	0.5203658182079486	0.5040202299261224	0.850612821733061	0.8127005758153235	0.8180523347801961	0.8236007433426659	0.836979363881831	0.8760885657411267	0.8045091111265033	0.8129815784867591	0.8296067539790208	0.8500891429461522	0.815492897302651	0.7416400614497246	0.7247617519358562	0.8720397157565906	0.9291634698947772	0.8236468137939661	0.8380481694175671	0.7963591800041556	0.8228466163231102	0.8136054823683356	0.8034777414462846	0.8099305464094798	0.8346254542823108	0.8113272111973565	0.8149783954056888	0.819331214432995	0.8344367996508135	0.8156912351955009	0.8087592292041621	0.8062765884029769	0.8041397822802145	
0.6048977130438976	0.6312263360659015	0.626166383526476	0.6314700753967855	0.6442898308808066	0.6446758662312292	0.6296606584009772	0.6255618975428578	0.44178971516867244	0.4616630753466828	0.3155385247920745	0.44028807119209307	0.30904316059120085	0.4609735868330392	0.0	0.33602179893319667	0.6357365942704759	0.6425172151506922	0.5178268057928124	0.5703223458636859	0.6020144740577378	0.46175100442083794	0.4517274979322382	0.43240650580297496	0.7886915183116537	0.7550930394849079	0.7573848657614757	0.7614820069277397	0.7859069421006755	0.7863665770616933	0.7542788863259967	0.7599677078471024	0.7736840722526032	0.7951941166819053	0.7641238559808199	0.7206790201193342	0.6971519153106868	0.8781014167026704	0.9248190093180633	0.8489260996164676	0.7899748743436794	0.7013783559248812	0.7687389745513789	0.7536477822943908	0.758705572182296	0.7553854494595674	0.7658828589506714	0.75189084193967	0.7532345559450381	0.7640538995430602	0.7659594898911168	0.7605183538021626	0.7533738308503631	0.7464823115873138	0.7492024585667667	
0.6168912872606878	0.6400209262993479	0.6368412736594732	0.6446221078766607	0.6570627045768385	0.6547968175215556	0.6387271616044347	0.6361383131913231	0.4546530276065194	0.4617986022371727	0.33889770676703873	0.4188318106110358	0.33882204025121715	0.4784605489553285	0.33602179893319667	0.0	0.6459303896336565	0.6528720067870161	0.48746002903385033	0.5209608520411512	0.5361051776810658	0.44351024551774254	0.4297497646365553	0.41080059079984377	0.8148012338940159	0.7677380314139846	0.767947539725739	0.771796623394179	0.8059090874839139	0.7568838383420657	0.7650547096214863	0.7712289075653148	0.791084430361831	0.7955700940097706	0.7150139509119727	0.7362438769709083	0.6886336316244321	0.9156446527358958	0.9364732733718665	0.8804137245992808	0.8095182064962273	0.6005837729985074	0.783778807116491	0.7663939363012934	0.7695997621383827	0.7645248197628992	0.765434904452075	0.7631685340267639	0.7593617977285216	0.7681328021562569	0.7714349662713139	0.7680957007296857	0.7676919997043146	0.75856945618217	0.7622215662145828	
0.08337198279186969	0.07267644095194885	0.08207771239298027	0.07311116254225347	0.06821234919908807	0.06876685741202744	0.07263462889507921	0.07092008039357497	0.6039662996625377	0.685647276481519	0.6330179804215429	0.610409854113504	0.5910276894107833	0.7040965349792921	0.6357365942704759	0.6459303896336565	0.0	0.06712788842444344	0.9005932578844055	0.9098549602202028	0.9732397148721661	0.8355430639214894	0.8341574134618255	0.8280166073326133	0.5004875216790784	0.21816595472099087	0.18190191327293104	0.17673594473252863	0.22586145483600917	0.596523709340748	0.29473208205626417	0.19287254264759326	0.20435064289513097	0.365187328258502	1.040546123217743	0.9810062493443531	0.955690118493523	0.898957319816249	1.1596417637109633	0.8726393493660131	0.340264633480576	1.0190814652536302	0.19441789310553437	0.2381548045802819	0.250354696598426	0.2594290991829687	0.41807931867783726	0.2269901166119414	0.3497338540510951	0.2909154398673702	0.3906581986546148	0.2540004285806047	0.2238945621032507	0.30801704248148193	0.2554128457198491	
0.08100144462644251	0.06711073610441316	0.07999702990468323	0.07244579045544454	0.06266377439059274	0.064364980198103	0.07161117808307745	0.06794310085234874	0.6097003837435782	0.6912618621229519	0.6410077141798161	0.616161101726548	0.5975492613150922	0.7115945862281201	0.6425172151506922	0.6528720067870161	0.06712788842444344	0.0	0.9077300973009853	0.916914901468453	0.9800141840883647	0.8447288650345485	0.8434061163698953	0.836974255635593	0.49335753609970795	0.20650528282874164	0.1716257352760299	0.16766798489631926	0.21750110665615197	0.5897350042890286	0.28291505327371935	0.1860115508557506	0.19573323929133002	0.35531479255350057	1.0458862824606099	0.9860896123374879	0.9615419722641416	0.8993678303095983	1.160827132177457	0.8781569910559245	0.33274746510927844	1.0260893244814286	0.18779664474376154	0.22859962078633872	0.2387379367177647	0.25069690965494174	0.4090369139417559	0.21804530453396914	0.3400459849285207	0.2796757830441307	0.3800540102709552	0.24307505791821524	0.21361062009553652	0.29621541422758196	0.2434999818312088	
0.8674558204497891	0.8951723848606523	0.8915273938408668	0.8953693880044008	0.9098602484629796	0.9093314545394565	0.8935737163094071	0.8898599239618061	0.6567721354809776	0.5810922705492411	0.5373480866420586	0.6258222466818213	0.5359329740928421	0.5915839259598079	0.5178268057928124	0.48746002903385033	0.9005932578844055	0.9077300973009853	0.0	0.3943067965358375	0.4193928217484022	0.4616288677156454	0.4459164325849146	0.42144580937192666	0.9525047210132932	0.9997082072524699	1.0155713348657964	1.014721449702091	1.0290799157480628	0.8748663694946323	0.9766985693789382	1.0142301189167577	1.0242700103202704	0.9945771027654043	0.5642381695160921	0.6446776735587455	0.6375981746190041	0.9296625410206363	0.8096702769471075	0.9039757757404122	0.9999758330504296	0.521932256431291	1.0222516386783578	0.9894708010015071	1.0054905150751645	0.9865003144939873	0.9339696158638915	0.992459706058064	0.9483282454854612	0.987888820827652	0.9449108643449703	0.9982789304735185	0.9999276966142583	0.9609510397116728	0.9874829409640804	
0.8792846637320768	0.9030436833118778	0.9004944409071645	0.9056394861527096	0.9197826739122138	0.9177633929521914	0.90224938598588	0.8991021779326693	0.6769905865849809	0.620267275387935	0.5888294238267545	0.6507007324751556	0.5829370078038846	0.6448796594701559	0.5703223458636859	0.5209608520411512	0.9098549602202028	0.916914901468453	0.3943067965358375	0.0	0.4173692566399265	0.5652651322468759	0.5427978822874453	0.521795054893831	0.9304321486075756	0.9984144736053053	1.0181906372280172	1.0179808155456458	1.0455486369951705	0.8180618082555886	0.9678895708684767	1.0153245869748555	1.0367964866088515	0.9908785436295299	0.544758639233563	0.6887069880033747	0.6829063765306577	0.9756713010204751	0.8101948934275258	0.9271844724334042	1.007342820081513	0.4203392554109118	1.0307313622758636	0.9842305116880021	0.9997649495236294	0.9753702047459354	0.9000706465201973	0.9851127445646188	0.9185859164995216	0.9741834947816415	0.9267123716265694	0.9889002156448565	0.9967459929735314	0.9468967240157206	0.9743676106998981	
0.9420953293720847	0.9671580230269746	0.9645277360926288	0.9697448878589626	0.9823188185896775	0.981560253202684	0.9652861067094295	0.9633595357995635	0.7164007134894825	0.6417682198598612	0.6162659889868735	0.6803451443996819	0.6218650327672963	0.6758906667809416	0.6020144740577378	0.5361051776810658	0.9732397148721661	0.9800141840883647	0.4193928217484022	0.4173692566399265	0.0	0.5440475872378249	0.5235008727690637	0.49819350261060535	1.0486170360715203	1.0600830299610935	1.082766253161531	1.0830281788219827	1.1059597479230499	0.8382008004268641	1.0250491815798073	1.0818598235910568	1.0968146024732979	1.0580424166891524	0.5779024204591078	0.7491092820110511	0.6975866637255054	1.0423500100515368	0.9154437934703019	1.0151017410098255	1.0844993083023748	0.4001674988726	1.0925591788164175	1.0432893140890194	1.0707488126051217	1.0416325102779398	0.9486048722205205	1.0477447962137072	0.970660287254197	1.0456816460761036	0.9917670437786732	1.0561003799529065	1.0619989891604154	0.9980249879888883	1.0369509476725005	
0.799482258301179	0.8330992965506201	0.8281335903765805	0.831592263120415	0.8448896046925575	0.8449112868903101	0.8305248223476257	0.8263213580718418	0.6402894385539771	0.5635552783600759	0.46453198366815823	0.6087244642228026	0.48200977314608945	0.5318050351578543	0.46175100442083794	0.44351024551774254	0.8355430639214894	0.8447288650345485	0.4616288677156454	0.5652651322468759	0.5440475872378249	0.0	0.05239719918471336	0.08477740748729995	0.9908354012655681	0.9716840543421141	0.9674606227296623	0.9636407257450476	0.965694116034339	0.9627858828135871	0.9810554514534054	0.9687677677674678	0.9655163789071234	0.9655241933710855	0.7473059293837795	0.691706514367931	0.6687852897469742	0.9108939167419552	0.9254872285051299	0.887149030571971	0.9733390000833056	0.6840585703202723	0.9663530696678688	0.9721135986089326	0.9802430128570235	0.9733806463433763	0.972354577805683	0.9720444319453628	0.9768590183805438	0.9747354791028351	0.9763336723251256	0.9744457369605818	0.974806584483623	0.9802680013747848	0.977890874928493	
0.7981203985770049	0.8314880504503274	0.8263503944500568	0.8300980555235292	0.8435768721884961	0.8436393127510903	0.8289036331958203	0.8246762171837329	0.6288949219462303	0.5539400565728387	0.45380112683982116	0.5975217109596461	0.47461219256715587	0.5203658182079486	0.4517274979322382	0.4297497646365553	0.8341574134618255	0.8434061163698953	0.4459164325849146	0.5427978822874453	0.5235008727690637	0.05239719918471336	0.0	0.06312535938070322	0.9835851348601081	0.9691850309848534	0.9662443821248409	0.9621651856687311	0.9649062125216171	0.9504319360946522	0.9757566617260872	0.9668747802205314	0.9642596703424408	0.9621724986331852	0.7269134316276141	0.6842671326347617	0.663926998845723	0.9071476181795782	0.9076453899729416	0.8834509295694264	0.9699401533120281	0.6574594324580418	0.9650307823729468	0.9687995259973768	0.9763019234905888	0.9696508987282154	0.965974004481703	0.9683710795860776	0.9705872270933996	0.970150465822715	0.9697043507522262	0.9701936856067322	0.9716330352477056	0.9739945419967706	0.9730341474279789	
0.7911814552054524	0.8250426740559127	0.8197732968018583	0.823749200142851	0.8373556418151429	0.8373868737210985	0.8222455311692604	0.8184526510601101	0.6119162886455219	0.533254714655828	0.43603597281823814	0.5775866353729885	0.4545308667179083	0.5040202299261224	0.43240650580297496	0.41080059079984377	0.8280166073326133	0.836974255635593	0.42144580937192666	0.521795054893831	0.49819350261060535	0.08477740748729995	0.06312535938070322	0.0	0.9756072327166346	0.9608590963529788	0.959035755629421	0.9574315643901662	0.9608052107567675	0.9362079775068618	0.9645264190934586	0.9609825743876705	0.9592348034140021	0.9557245101956491	0.7154884861884271	0.6733908424132939	0.6402832207521908	0.8959048804258406	0.9077425371681586	0.8749923420238934	0.964760505267629	0.6385553949810971	0.9597989128883164	0.9595366593912582	0.9669774755174938	0.9606029030614176	0.9529450385566158	0.9596720283837594	0.9573997674713359	0.9616396329814679	0.9584786069078093	0.9611470415448193	0.9622840967893049	0.9612087176725632	0.9625833106522051	
0.519639818566497	0.4894016067225575	0.49634330844403757	0.4976826185618323	0.5014071420595523	0.5001633003335122	0.4961500914531454	0.5006339717915871	0.758387275365121	0.8221061737560381	0.8008707144935467	0.7768752017484671	0.7564987293604616	0.850612821733061	0.7886915183116537	0.8148012338940159	0.5004875216790784	0.49335753609970795	0.9525047210132932	0.9304321486075756	1.0486170360715203	0.9908354012655681	0.9835851348601081	0.9756072327166346	0.0	0.44731574977858657	0.46131646404608256	0.47050885220150923	0.5332999343708852	0.6560536715848906	0.42539543956179987	0.44363879451641586	0.5098239892354879	0.6136272647136906	1.028773962370807	0.9954885580628932	1.0294476879405259	0.9704624520396011	0.8933054088853716	0.9009319872536092	0.5200063268845759	1.0897361090221063	0.48337819561910655	0.44943707012214656	0.4044650788386762	0.4412346314603812	0.5226933326530853	0.4463258002849252	0.4765899705197146	0.43458782771722654	0.43416356364851455	0.44363879451641586	0.43246650737366654	0.44434590129760254	0.42963808024891986	
0.2506219893670013	0.2141174880176034	0.2188968178412459	0.21883693830531437	0.20937750106193492	0.21001463012765356	0.21869310003456144	0.22462007106954862	0.6946622453634467	0.7818063839300072	0.7548791958081147	0.7072588422308438	0.7113902871650482	0.8127005758153235	0.7550930394849079	0.7677380314139846	0.21816595472099087	0.20650528282874164	0.9997082072524699	0.9984144736053053	1.0600830299610935	0.9716840543421141	0.9691850309848534	0.9608590963529788	0.44731574977858657	0.0	0.13406744571297036	0.15358359287371923	0.21609183233060872	0.5252389170653572	0.17946370106514709	0.14297699115592094	0.19007030278294537	0.35963450891145593	1.106342424181628	1.081108549082256	1.0428786461798991	0.9529767284501207	1.2298348962863308	0.9301198513329895	0.3290874959642017	1.0855689233949442	0.16843283527863684	0.14043140674364935	0.16023039661687283	0.16744288578497568	0.32710759697687974	0.13944145724998816	0.23801214254738834	0.20859650045003245	0.288923830792812	0.1651801440851787	0.13095617587574954	0.18554481938335143	0.15429069965490577	
0.21653635898242196	0.18171963161585908	0.18743159604561627	0.18495872994313914	0.17300023356234523	0.17224539690830537	0.1848668117840881	0.19031632566358248	0.7004216179685065	0.7910534336517039	0.7550670882471852	0.7101614278716533	0.710227615345355	0.8180523347801961	0.7573848657614757	0.767947539725739	0.18190191327293104	0.1716257352760299	1.0155713348657964	1.0181906372280172	1.082766253161531	0.9674606227296623	0.9662443821248409	0.959035755629421	0.46131646404608256	0.13406744571297036	0.0	0.11638977618330652	0.17776664479029936	0.5675239025803199	0.21778888860545617	0.12416795077635862	0.14693678913056563	0.3222992708648119	1.1338930625271413	1.0801990018380216	1.0505072989840496	0.9430790847275219	1.2401933004292651	0.9317992009956212	0.2958534772484391	1.117431826244571	0.13548165927534347	0.15174511524263418	0.16588725086636524	0.17988796513385902	0.35185633431840513	0.1411385135248359	0.27619590873145605	0.21920310216782904	0.3283803891830153	0.1705541556221965	0.12911769824466449	0.2187788380991172	0.16913994205982338	
0.21200478109017218	0.17916422158688888	0.18580037225662785	0.1803670463714892	0.16809400524884607	0.16712782567327109	0.18268187263850963	0.18479584955513123	0.7092374944240223	0.8012750724163208	0.7607257305373759	0.7248637176299682	0.717667237963332	0.8236007433426659	0.7614820069277397	0.771796623394179	0.17673594473252863	0.16766798489631926	1.014721449702091	1.0179808155456458	1.0830281788219827	0.9636407257450476	0.9621651856687311	0.9574315643901662	0.47050885220150923	0.15358359287371923	0.11638977618330652	0.0	0.15952328983568628	0.5876057351660212	0.23433518728521885	0.1267135351886302	0.13519881656286883	0.305611550828812	1.125823350599799	1.0709608364374048	1.0592575142112335	0.9507712643953778	1.210280450800487	0.9339818626870346	0.27916575721243914	1.1211832794332974	0.12473363620130785	0.17649385258416356	0.18695903294572455	0.19827274144470938	0.3843832462529813	0.16277598102914442	0.30660150032247296	0.22698127676087987	0.34761369363128647	0.19318157262016622	0.16150318882300863	0.25201285681487984	0.19205020177026771	
0.25569859751195184	0.23118106426413523	0.23651330035962922	0.227719257277914	0.21573636918345573	0.21807881397569573	0.23663489360718554	0.23344420593434512	0.7469147280292342	0.828125847572872	0.785322492145184	0.760742217237544	0.7439107168588474	0.836979363881831	0.7859069421006755	0.8059090874839139	0.22586145483600917	0.21750110665615197	1.0290799157480628	1.0455486369951705	1.1059597479230499	0.965694116034339	0.9649062125216171	0.9608052107567675	0.5332999343708852	0.21609183233060872	0.17776664479029936	0.15952328983568628	0.0	0.6553465648037039	0.3027831237040662	0.1813021786962321	0.1624931383166698	0.37335238046647284	1.1597398093739224	1.0707742175795014	1.0754099672559874	0.9454534838803719	1.2149844700587176	0.9344700504956523	0.32003652916501535	1.1618836963388905	0.16956420612853532	0.24480036764677815	0.2527199635960663	0.26488220023247305	0.44858854198472253	0.2288197543919646	0.37476659402884577	0.30080322471674414	0.41676873683132254	0.26134666632654086	0.22372858556742226	0.31961226509630347	0.25781113242060866	
0.6095949606610342	0.5821358741166056	0.5857258968782043	0.5963365093512613	0.5977652831826011	0.5935970441607599	0.5875734219858816	0.5944529928961485	0.7616103237965616	0.7979584496567788	0.793880976912134	0.7595113254800961	0.7632846799884918	0.8760885657411267	0.7863665770616933	0.7568838383420657	0.596523709340748	0.5897350042890286	0.8748663694946323	0.8180618082555886	0.8382008004268641	0.9627858828135871	0.9504319360946522	0.9362079775068618	0.6560536715848906	0.5252389170653572	0.5675239025803199	0.5876057351660212	0.6553465648037039	0.0	0.4699431667765599	0.5678067452927946	0.6226782315128799	0.6754283973894053	0.8940549187593404	1.0823703902501391	0.9858915921352358	1.0813759838802273	1.209487916916002	1.0500620358248502	0.6901362184380879	0.7581875145034351	0.6034449270646026	0.49554043225551725	0.5480077554195679	0.5017629719299599	0.44887138469719723	0.49978307294263724	0.40375797205748976	0.5248146529966452	0.4647105765957785	0.5167536356911172	0.5201477482408132	0.4170515795437972	0.47786276272585054	
0.32353689321479834	0.28493100388108994	0.28775013477707295	0.2932227767736768	0.2867585985871884	0.28779230739090556	0.29184147775111347	0.2985480121907928	0.6909043355958443	0.7722510584890135	0.751797610327406	0.7039446252850498	0.7120173965789589	0.8045091111265033	0.7542788863259967	0.7650547096214863	0.29473208205626417	0.28291505327371935	0.9766985693789382	0.9678895708684767	1.0250491815798073	0.9810554514534054	0.9757566617260872	0.9645264190934586	0.42539543956179987	0.17946370106514709	0.21778888860545617	0.23433518728521885	0.3027831237040662	0.4699431667765599	0.0	0.21679893911179515	0.27548880195026965	0.41676873683132254	1.062246967306837	1.083952681081505	1.0343723415410224	0.9715940140187639	1.2026562448016032	0.9353397201273418	0.3838175608280322	1.0429892941087404	0.25455844122715104	0.17394826817189196	0.17988796513385902	0.1718269478283323	0.3053287081163374	0.17451395359684121	0.20845507909379515	0.2080308150250833	0.2571040256394222	0.2012425899256929	0.17196836918456962	0.14764389591175217	0.1544321210111431	
0.23158323186297347	0.195333826946898	0.20044054006352716	0.19778905897036103	0.1869143992241289	0.18720865859219976	0.20057873615911603	0.20265480676768355	0.6949602643470973	0.7927041116763143	0.7553250226937867	0.7117759417843221	0.7139353639065563	0.8129815784867591	0.7599677078471024	0.7712289075653148	0.19287254264759326	0.1860115508557506	1.0142301189167577	1.0153245869748555	1.0818598235910568	0.9687677677674678	0.9668747802205314	0.9609825743876705	0.44363879451641586	0.14297699115592094	0.12416795077635862	0.1267135351886302	0.1813021786962321	0.5678067452927946	0.21679893911179515	0.0	0.15796765491707584	0.34803795769999835	1.1263536446419604	1.083887220444843	1.0514110268426935	0.943175189479253	1.2244704864259137	0.918031728541476	0.29896474708565945	1.1145922886814097	0.1388757718250389	0.1702713129097219	0.16433161594775483	0.18469629124592757	0.35921024484274405	0.15627059864222814	0.2817113416247103	0.2114249275747782	0.3296531813891509	0.1800293864900963	0.1477853172679895	0.23688077169749003	0.17295831867823078	
0.2374355232907275	0.20903407326531928	0.2124520582267923	0.2066421681342843	0.193836133326195	0.1962093731253986	0.2127862335955771	0.2126246926852245	0.7307909883510532	0.814539786081432	0.774223058404436	0.7432428217413293	0.7326191057149595	0.8296067539790208	0.7736840722526032	0.791084430361831	0.20435064289513097	0.19573323929133002	1.0242700103202704	1.0367964866088515	1.0968146024732979	0.9655163789071234	0.9642596703424408	0.9592348034140021	0.5098239892354879	0.19007030278294537	0.14693678913056563	0.13519881656286883	0.1624931383166698	0.6226782315128799	0.27548880195026965	0.15796765491707584	0.0	0.34464384515030344	1.149015406688732	1.075167482990632	1.0623416324315471	0.940215553766326	1.2249465874544743	0.9381609366183262	0.3013689101416933	1.1463890876820537	0.14099709216859857	0.21213203435596464	0.22372858556742226	0.2409819910283714	0.4234155405744772	0.1999697977195571	0.34549237328772714	0.27888291449996455	0.3872116733777271	0.233910923216507	0.19671710652609897	0.28920667350528656	0.23320381643532054	
0.38408747050890396	0.360686036205696	0.3641882866576815	0.36492487849802907	0.3564863699409066	0.3546752225692061	0.3653033687286951	0.3650637398638523	0.7611622921768092	0.8245722921112865	0.7988811522824133	0.7686606785923313	0.758477308091934	0.8500891429461522	0.7951941166819053	0.7955700940097706	0.365187328258502	0.35531479255350057	0.9945771027654043	0.9908785436295299	1.0580424166891524	0.9655241933710855	0.9621724986331852	0.9557245101956491	0.6136272647136906	0.35963450891145593	0.3222992708648119	0.305611550828812	0.37335238046647284	0.6754283973894053	0.41676873683132254	0.34803795769999835	0.34464384515030344	0.0	1.0866379097270533	1.0360083980449388	1.0504443602209101	0.9705086739204304	1.1385614270704874	0.9670514962435398	0.4229912765057652	1.0989776683507444	0.3399769403944729	0.36868547571064236	0.3908886286398966	0.3838175608280322	0.5439065360886852	0.3638771495985746	0.4744686501761545	0.42016284938101855	0.5009144437925359	0.38622172388406606	0.3602001943364051	0.4273753385491225	0.4020609157826423	
1.0162254718554984	1.0310117013448636	1.0308524723506247	1.037306543365092	1.0501132644282158	1.047425911448342	1.0317022857477458	1.0290271476192039	0.840878303837304	0.7934968746131386	0.7774231248503392	0.8205087962360853	0.7750283056285865	0.815492897302651	0.7641238559808199	0.7150139509119727	1.040546123217743	1.0458862824606099	0.5642381695160921	0.544758639233563	0.5779024204591078	0.7473059293837795	0.7269134316276141	0.7154884861884271	1.028773962370807	1.106342424181628	1.1338930625271413	1.125823350599799	1.1597398093739224	0.8940549187593404	1.062246967306837	1.1263536446419604	1.149015406688732	1.0866379097270533	0.0	0.7624895119575905	0.8084975392118783	1.0641209902071815	0.8020216161076062	1.0515575946154738	1.1061436391501118	0.5539038067404065	1.1408988935690936	1.0916065408295423	1.1122986939173205	1.0754556664075947	0.987476731781645	1.0883400082155323	1.0045030405481634	1.068645506266821	1.0162018926727407	1.098368652564997	1.1043557229598528	1.0354888868327468	1.0723124160248585	
0.95295327968333	0.9746821561499075	0.9708063177623267	0.9732040513206713	0.9876048150498491	0.9879446396922283	0.9757836322295858	0.967618279018246	0.8230256131900014	0.7698749980703519	0.7446788586035007	0.8079080371940977	0.7285179515088742	0.7416400614497246	0.7206790201193342	0.7362438769709083	0.9810062493443531	0.9860896123374879	0.6446776735587455	0.6887069880033747	0.7491092820110511	0.691706514367931	0.6842671326347617	0.6733908424132939	0.9954885580628932	1.081108549082256	1.0801990018380216	1.0709608364374048	1.0707742175795014	1.0823703902501391	1.083952681081505	1.083887220444843	1.075167482990632	1.0360083980449388	0.7624895119575905	0.0	0.8130170874326532	0.923461633970179	0.6841908029510146	0.9293252951285252	1.0197649952996302	0.8895660276113609	1.0758606958876715	1.0821272681154814	1.0811004075307544	1.0761527151419101	1.0793455424988967	1.0835941865882202	1.08128601682216	1.0768584203383271	1.0607579972087082	1.0867152203642505	1.082963736123714	1.0838473925736325	1.0879079514987275	
0.9304002256717231	0.9505339030570713	0.9465825958942512	0.9519513683187474	0.9631049292773461	0.9637304506046468	0.9489502895347995	0.9476019469165643	0.7799014111677494	0.7280841329678259	0.7040413067917568	0.7597340028833609	0.703933051527852	0.7247617519358562	0.6971519153106868	0.6886336316244321	0.955690118493523	0.9615419722641416	0.6375981746190041	0.6829063765306577	0.6975866637255054	0.6687852897469742	0.663926998845723	0.6402832207521908	1.0294476879405259	1.0428786461798991	1.0505072989840496	1.0592575142112335	1.0754099672559874	0.9858915921352358	1.0343723415410224	1.0514110268426935	1.0623416324315471	1.0504443602209101	0.8084975392118783	0.8130170874326532	0.0	0.9355303662121937	1.0219398728000813	0.9350253143396525	1.053742494503881	0.7616913701497572	1.0577566076419604	1.0350228409292541	1.0394451371555868	1.0369667816422932	0.994236991366595	1.0393644530527792	1.0067410100000582	1.048072030940199	1.0239989756424228	1.0423335626418748	1.0426339009287977	1.02154823943271	1.0330872208755464	
0.8912294071037122	0.8935871866043444	0.8831816186189977	0.892213478949237	0.8970489185437034	0.9054670196734651	0.8975435840516113	0.8890661026863341	0.9096088348078336	0.910293280507027	0.8875138700122396	0.9054035788688645	0.8768274309453189	0.8720397157565906	0.8781014167026704	0.9156446527358958	0.898957319816249	0.8993678303095983	0.9296625410206363	0.9756713010204751	1.0423500100515368	0.9108939167419552	0.9071476181795782	0.8959048804258406	0.9704624520396011	0.9529767284501207	0.9430790847275219	0.9507712643953778	0.9454534838803719	1.0813759838802273	0.9715940140187639	0.943175189479253	0.940215553766326	0.9705086739204304	1.0641209902071815	0.923461633970179	0.9355303662121937	0.0	1.0487715326706744	0.828781236740709	0.9547103111893158	1.14455121911098	0.9371521699953964	0.9614396166347217	0.9507622145287358	0.9720634277538366	1.0252489678334697	0.9546924082981044	0.9957898569335384	0.997900202890057	1.0077188397786583	0.9691473350514141	0.9440957975889167	0.9675226973273626	0.9614256471296089	
